#1159 1336 False
1 2
1 3
1 4
1 5
1 6
1 7
1 8
1 9
1 10
2 5
2 6
2 7
2 8
2 11
2 12
2 13
2 14
2 15
2 16
2 17
2 18
2 19
2 20
2 21
2 22
2 23
2 24
2 25
2 26
2 27
2 28
2 29
2 30
2 31
2 32
2 33
2 34
2 35
2 36
2 37
2 38
2 39
2 40
2 41
2 42
2 43
2 44
2 45
2 46
2 47
2 48
2 49
2 50
2 51
2 52
2 53
2 54
2 55
2 56
2 57
2 58
2 59
2 60
2 61
2 62
2 63
2 64
2 65
2 66
2 67
2 68
2 69
2 70
2 71
2 72
2 73
2 74
2 75
2 76
2 77
2 78
2 79
2 80
2 81
2 82
2 83
2 84
2 85
2 86
2 87
2 88
2 89
2 90
2 91
2 92
2 93
2 94
2 95
2 96
2 97
2 98
2 99
2 100
2 101
2 102
2 103
2 104
2 105
2 106
2 107
2 108
2 109
2 110
2 111
2 112
2 113
2 114
2 115
2 116
2 117
2 118
2 119
2 120
2 121
2 122
2 123
2 124
2 125
2 126
2 127
2 128
2 129
2 130
2 131
2 132
2 133
2 134
2 135
2 136
2 137
2 138
2 139
2 140
2 141
2 142
2 143
2 144
2 145
2 146
2 147
2 148
2 149
2 150
2 151
2 152
2 153
2 154
2 155
2 156
2 157
2 158
2 159
2 160
2 161
2 162
2 163
2 164
2 165
2 166
2 167
2 168
2 169
2 170
2 171
2 172
2 173
2 174
2 175
2 176
2 177
2 178
2 179
2 180
2 181
2 182
2 183
2 184
2 185
2 186
2 187
3 188
3 189
3 190
3 191
3 192
3 193
3 194
3 195
3 196
3 197
3 198
3 199
3 200
3 201
3 202
3 203
3 204
3 205
3 206
3 207
3 208
3 209
3 210
3 211
3 212
3 213
3 214
3 215
3 216
3 217
3 218
3 219
3 220
3 221
3 222
3 223
3 224
3 225
3 226
3 227
3 228
3 229
3 230
3 231
3 232
3 233
3 234
3 235
3 236
3 237
3 238
3 239
3 240
3 241
3 242
3 243
3 244
3 245
3 246
3 247
3 248
3 249
3 250
3 251
3 252
3 253
3 254
3 255
3 256
3 257
3 258
3 259
3 260
3 261
3 262
3 263
3 264
3 265
3 266
3 267
3 268
3 269
3 270
3 271
3 272
3 273
3 274
3 275
3 276
3 277
3 278
3 279
3 280
3 281
3 282
3 283
3 284
3 285
3 286
3 287
3 288
3 289
3 290
3 291
3 292
3 293
3 294
3 295
3 296
3 297
3 298
3 299
3 300
3 301
3 302
3 303
3 304
3 305
3 306
3 307
3 308
3 309
3 310
3 311
3 312
3 313
3 314
3 315
3 316
3 317
3 318
3 319
3 320
3 321
3 322
3 323
3 324
3 325
3 326
3 327
3 328
3 329
3 330
3 331
3 332
3 333
3 334
3 335
3 336
3 337
3 338
3 339
3 340
3 341
3 342
3 343
3 344
3 345
3 346
3 347
3 348
3 349
3 350
3 351
3 352
3 353
3 354
3 355
3 356
3 357
3 358
3 359
3 360
3 361
3 362
3 363
3 364
3 365
3 366
3 367
3 368
3 369
3 370
3 371
3 372
3 373
3 374
3 375
3 376
3 377
3 378
3 379
3 380
3 381
3 382
3 383
3 384
3 385
3 386
3 387
3 388
3 389
3 390
3 391
3 392
3 393
3 394
3 395
3 396
3 397
3 398
3 399
3 400
3 401
3 402
3 403
3 404
3 405
3 406
3 407
3 408
3 409
3 410
3 411
3 412
3 413
3 414
3 415
3 416
3 417
3 418
3 419
3 420
3 421
3 422
3 423
3 424
3 425
3 426
3 427
3 428
3 429
3 430
3 431
3 432
3 433
3 434
3 435
3 436
3 437
3 438
3 439
3 440
3 441
3 442
3 443
3 444
3 445
3 446
3 447
3 448
3 449
3 450
3 451
3 452
3 453
3 454
3 455
3 456
3 457
3 458
3 459
3 460
3 461
3 462
3 463
3 464
3 465
3 466
3 467
3 468
3 469
3 470
3 471
3 472
3 473
3 474
3 475
3 476
3 477
3 478
3 479
3 480
3 481
3 482
3 483
3 484
3 485
3 486
3 487
4 488
4 489
4 490
4 491
4 492
4 493
4 494
4 495
4 496
4 497
4 498
4 499
4 500
4 501
4 502
4 503
4 504
4 505
4 506
4 507
4 508
4 509
4 510
4 511
4 512
4 513
4 514
4 515
4 516
4 517
4 518
4 519
4 520
4 521
4 522
4 523
4 524
4 525
4 526
4 527
4 528
4 529
4 530
4 531
4 532
4 533
4 534
4 535
4 536
4 537
4 538
4 539
4 540
4 541
4 542
4 543
4 544
4 545
4 546
4 547
4 548
4 549
4 550
4 551
4 552
4 553
4 554
4 555
4 556
4 557
4 558
4 559
4 560
4 561
4 562
4 563
4 564
4 565
4 566
4 567
4 568
4 569
4 570
4 571
4 572
4 573
4 574
4 575
4 576
4 577
4 578
4 579
4 580
4 581
4 582
4 583
5 6
5 7
5 8
5 23
5 28
5 29
5 31
5 35
5 36
5 38
5 39
5 41
5 42
5 45
5 49
5 52
5 54
5 55
5 56
5 58
5 61
5 64
5 65
5 66
5 67
5 76
5 78
5 81
5 84
5 87
5 88
5 89
5 90
5 91
5 92
5 94
5 97
5 100
5 101
5 107
5 109
5 110
5 115
5 118
5 121
5 122
5 123
5 125
5 129
5 131
5 134
5 141
5 143
5 145
5 146
5 147
5 151
5 153
5 154
5 162
5 163
5 170
5 172
5 176
5 179
5 181
5 539
5 584
5 585
5 586
5 587
5 588
5 589
5 590
5 591
5 592
5 593
5 594
5 595
5 596
5 597
5 598
5 599
5 600
5 601
5 602
5 603
5 604
5 605
5 606
5 607
5 608
5 609
5 610
5 611
5 612
5 613
5 614
5 615
5 616
5 617
5 618
5 619
5 620
5 621
5 622
5 623
5 624
5 625
5 626
5 627
5 628
5 629
5 630
5 631
5 632
5 633
5 634
5 635
5 636
5 637
5 638
5 639
5 640
5 641
5 642
5 643
5 644
5 645
5 646
5 647
5 648
5 649
5 650
5 651
5 652
5 653
5 654
5 655
5 656
5 657
5 658
5 659
5 660
5 661
5 662
5 663
5 664
5 665
5 666
5 667
5 668
5 669
5 670
5 671
5 672
5 673
5 674
5 675
5 676
5 677
5 678
5 679
5 680
5 681
5 682
5 683
5 684
5 685
5 686
5 687
5 688
5 689
5 690
5 691
5 692
5 693
5 694
5 695
5 696
5 697
5 698
5 699
5 700
5 701
5 702
5 703
5 704
5 705
5 706
5 707
5 708
6 23
6 31
6 36
6 38
6 41
6 45
6 58
6 64
6 67
6 76
6 87
6 90
6 92
6 107
6 109
6 110
6 121
6 123
6 125
6 130
6 131
6 147
6 151
6 158
6 159
6 163
6 168
6 172
6 173
6 176
6 178
6 181
6 597
6 599
6 627
6 635
6 636
6 638
6 653
6 654
6 698
6 709
6 710
6 711
6 712
6 713
6 714
6 715
6 716
6 717
6 718
6 719
6 720
6 721
6 722
6 723
6 724
6 725
6 726
6 727
6 728
6 729
6 730
6 731
6 732
6 733
6 734
6 735
6 736
6 737
6 738
6 739
6 740
6 741
6 742
6 743
6 744
6 745
6 746
6 747
6 748
6 749
6 750
6 751
6 752
6 753
6 754
6 755
6 756
6 757
6 758
6 759
6 760
6 761
6 762
6 763
6 764
6 765
6 766
6 767
6 768
6 769
6 770
6 771
6 772
6 773
6 774
6 775
6 776
6 777
6 778
6 779
6 780
6 781
6 782
6 783
6 784
6 785
6 786
6 787
6 788
6 789
6 790
6 791
6 792
6 793
6 794
6 795
6 796
6 797
6 798
6 799
6 800
6 801
6 802
6 803
6 804
6 805
6 806
6 807
6 808
6 809
6 810
6 811
6 812
6 813
6 814
6 815
6 816
6 817
6 818
6 819
6 820
6 821
6 822
6 823
6 824
6 825
6 826
6 827
6 828
6 829
6 830
6 831
6 832
6 833
6 834
6 835
6 836
7 39
7 45
7 49
7 56
7 84
7 89
7 94
7 107
7 134
7 147
7 172
7 179
7 598
7 602
7 607
7 613
7 628
7 629
7 636
7 638
7 645
7 656
7 657
7 668
7 678
7 706
7 837
7 838
7 839
7 840
7 841
7 842
7 843
7 844
7 845
7 846
7 847
7 848
7 849
7 850
7 851
7 852
7 853
7 854
7 855
7 856
7 857
7 858
7 859
7 860
7 861
7 862
7 863
7 864
7 865
7 866
7 867
7 868
7 869
7 870
7 871
7 872
7 873
7 874
7 875
7 876
7 877
7 878
7 879
7 880
7 881
7 882
7 883
7 884
7 885
7 886
7 887
7 888
7 889
8 23
8 28
8 35
8 36
8 38
8 55
8 58
8 61
8 64
8 65
8 81
8 91
8 94
8 99
8 107
8 109
8 115
8 131
8 134
8 145
8 147
8 151
8 163
8 172
8 176
8 178
8 593
8 604
8 613
8 621
8 627
8 633
8 634
8 636
8 638
8 645
8 666
8 668
8 675
8 680
8 688
8 890
8 891
8 892
8 893
8 894
8 895
8 896
8 897
8 898
8 899
8 900
8 901
8 902
8 903
8 904
8 905
8 906
8 907
8 908
8 909
9 910
9 911
9 912
9 913
9 914
9 915
9 916
9 917
9 918
9 919
9 920
9 921
9 922
9 923
9 924
9 925
9 926
9 927
9 928
9 929
9 930
9 931
9 932
9 933
9 934
9 935
9 936
9 937
9 938
9 939
9 940
9 941
9 942
9 943
9 944
9 945
9 946
9 947
9 948
9 949
9 950
9 951
9 952
9 953
9 954
9 955
9 956
9 957
9 958
9 959
9 960
9 961
9 962
9 963
9 964
9 965
9 966
9 967
9 968
9 969
9 970
9 971
9 972
9 973
9 974
9 975
9 976
9 977
9 978
9 979
9 980
9 981
9 982
9 983
9 984
9 985
9 986
9 987
9 988
9 989
9 990
9 991
9 992
9 993
9 994
9 995
9 996
9 997
9 998
9 999
9 1000
9 1001
9 1002
9 1003
9 1004
9 1005
9 1006
9 1007
9 1008
9 1009
9 1010
9 1011
9 1012
9 1013
9 1014
9 1015
9 1016
9 1017
9 1018
9 1019
9 1020
9 1021
9 1022
9 1023
9 1024
9 1025
9 1026
9 1027
9 1028
9 1029
9 1030
9 1031
9 1032
9 1033
9 1034
9 1035
9 1036
9 1037
9 1038
9 1039
9 1040
9 1041
9 1042
9 1043
9 1044
9 1045
9 1046
9 1047
9 1048
9 1049
9 1050
9 1051
9 1052
9 1053
9 1054
9 1055
9 1056
9 1057
9 1058
9 1059
9 1060
9 1061
9 1062
9 1063
9 1064
9 1065
9 1066
9 1067
9 1068
9 1069
9 1070
9 1071
9 1072
9 1073
9 1074
9 1075
9 1076
9 1077
9 1078
9 1079
9 1080
9 1081
9 1082
9 1083
9 1084
9 1085
9 1086
9 1087
9 1088
9 1089
9 1090
9 1091
9 1092
9 1093
9 1094
9 1095
9 1096
9 1097
9 1098
9 1099
9 1100
9 1101
9 1102
9 1103
9 1104
9 1105
9 1106
9 1107
9 1108
9 1109
9 1110
9 1111
9 1112
9 1113
9 1114
9 1115
9 1116
9 1117
9 1118
9 1119
9 1120
9 1121
9 1122
9 1123
9 1124
9 1125
9 1126
9 1127
9 1128
9 1129
9 1130
9 1131
9 1132
9 1133
9 1134
9 1135
10 1136
10 1137
10 1138
10 1139
10 1140
10 1141
10 1142
10 1143
10 1144
10 1145
10 1146
10 1147
10 1148
10 1149
10 1150
10 1151
10 1152
10 1153
10 1154
10 1155
10 1156
10 1157
10 1158
