#8583 8581 False
1 2
1 3
1 4
1 5
1 6
1 7
1 8
1 9
1 10
1 11
1 12
1 13
1 14
1 15
1 16
1 17
1 18
1 19
1 20
1 21
1 22
1 23
1 24
1 25
1 26
1 27
1 28
1 29
1 30
1 31
1 32
1 33
1 34
1 35
1 36
1 37
1 38
1 39
1 40
1 41
1 42
1 43
1 44
1 45
1 46
1 47
1 48
1 49
1 50
1 51
1 52
1 53
1 54
1 55
1 56
1 57
58 1
58 59
58 60
58 61
58 62
58 63
58 64
58 65
58 66
58 67
58 68
58 69
58 70
58 71
58 72
58 73
58 74
58 75
58 76
58 77
58 78
58 79
58 80
58 81
58 82
58 83
58 84
58 85
58 86
58 87
58 88
58 89
58 90
58 91
58 92
58 93
58 94
58 95
58 96
58 97
58 98
58 99
58 100
58 101
58 102
58 103
58 104
58 105
58 106
58 107
58 108
58 109
58 110
58 111
58 112
58 113
58 114
58 115
58 116
58 117
58 118
58 119
58 120
58 121
58 122
58 123
58 124
58 125
58 126
58 127
58 128
58 129
58 130
58 131
58 132
58 133
58 134
58 135
58 136
58 137
58 138
58 139
58 140
58 141
58 142
58 143
58 144
58 145
58 146
58 147
58 148
58 149
58 150
58 151
58 152
58 153
58 154
58 155
58 156
58 157
58 158
58 159
58 160
58 161
58 162
58 163
58 164
58 165
58 166
58 167
58 168
58 169
58 170
58 171
58 172
58 173
58 174
58 175
58 176
58 177
58 178
58 179
58 180
58 181
58 182
58 183
58 184
58 185
58 186
58 187
58 188
58 189
58 190
58 191
58 192
58 193
58 194
58 195
58 196
58 197
58 198
58 199
58 200
58 201
58 202
58 203
58 204
58 205
58 206
58 207
58 208
58 209
58 210
58 211
58 212
58 213
58 214
58 215
58 216
58 217
58 218
58 219
58 220
58 221
58 222
58 223
58 224
58 225
58 226
58 227
58 228
58 229
58 230
58 231
58 232
58 233
58 234
58 235
58 236
58 237
58 238
58 239
58 240
58 241
58 242
58 243
58 244
58 245
58 246
58 247
58 248
58 249
58 250
58 251
58 252
58 253
58 254
58 255
58 256
58 257
58 258
58 259
58 260
58 261
58 262
58 263
58 264
58 265
58 266
58 267
58 268
58 269
58 270
58 271
58 272
58 273
58 274
58 275
58 276
58 277
58 278
58 279
58 280
58 281
58 282
58 283
58 284
58 285
58 286
58 287
58 288
58 289
58 290
58 291
58 292
58 293
58 294
58 295
58 296
58 297
58 298
58 299
58 300
58 301
58 302
58 303
58 304
58 305
58 306
58 307
58 308
58 309
58 310
58 311
58 312
58 313
58 314
58 315
58 316
58 317
58 318
58 319
58 320
58 321
58 322
58 323
58 324
58 325
58 326
58 327
58 328
58 329
58 330
58 331
58 332
58 333
58 334
58 335
58 336
58 337
58 338
58 339
58 340
58 341
58 342
58 343
58 344
58 345
58 346
58 347
58 348
58 349
58 350
58 351
58 352
58 353
58 354
58 355
58 356
58 357
58 358
58 359
58 360
58 361
58 362
58 363
58 364
58 365
58 366
58 367
58 368
58 369
58 370
58 371
58 372
58 373
58 374
58 375
58 376
58 377
58 378
58 379
58 380
58 381
58 382
58 383
58 384
58 385
58 386
58 387
58 388
58 389
58 390
58 391
58 392
58 393
58 394
58 395
58 396
58 397
58 398
58 399
58 400
58 401
58 402
58 403
58 404
58 405
58 406
58 407
58 408
58 409
58 410
58 411
58 412
58 413
58 414
58 415
58 416
58 417
58 418
58 419
58 420
58 421
58 422
58 423
58 424
58 425
58 426
58 427
58 428
58 429
58 430
58 431
58 432
58 433
58 434
58 435
58 436
58 437
58 438
58 439
58 440
58 441
58 442
58 443
58 444
58 445
58 446
58 447
58 448
58 449
58 450
58 451
58 452
58 453
58 454
58 455
58 456
58 457
58 458
58 459
58 460
58 461
58 462
58 463
58 464
58 465
58 466
58 467
58 468
58 469
58 470
58 471
58 472
58 473
58 474
58 475
58 476
58 477
58 478
58 479
58 480
58 481
58 482
58 483
58 484
58 485
58 486
58 487
58 488
58 489
58 490
58 491
58 492
58 493
58 494
58 495
58 496
58 497
58 498
58 499
58 500
58 501
58 502
58 503
58 504
58 505
58 506
58 507
58 508
58 509
58 510
58 511
58 512
58 513
58 514
58 515
58 516
58 517
58 518
58 519
58 520
58 521
58 522
58 523
58 524
58 525
58 526
58 527
58 528
58 529
58 530
58 531
58 532
58 533
58 534
58 535
58 536
58 537
58 538
58 539
58 540
58 541
58 542
58 543
58 544
58 545
58 546
58 547
58 548
58 549
58 550
58 551
58 552
58 553
58 554
58 555
58 556
58 557
58 558
58 559
58 560
58 561
58 562
58 563
58 564
58 565
58 566
58 567
58 568
58 569
58 570
58 571
58 572
58 573
58 574
58 575
58 576
58 577
58 578
58 579
58 580
58 581
58 582
58 583
58 584
58 585
58 586
58 587
58 588
58 589
58 590
58 591
58 592
58 593
58 594
58 595
58 596
58 597
58 598
58 599
58 600
58 601
58 602
58 603
58 604
58 605
58 606
58 607
58 608
58 609
58 610
58 611
58 612
58 613
58 614
58 615
58 616
58 617
58 618
58 619
58 620
58 621
58 622
58 623
58 624
58 625
58 626
58 627
58 628
58 629
58 630
58 631
58 632
58 633
58 634
58 635
58 636
58 637
58 638
58 639
58 640
58 641
58 642
58 643
58 644
58 645
58 646
58 647
58 648
58 649
58 650
58 651
58 652
58 653
58 654
58 655
58 656
58 657
58 658
58 659
58 660
58 661
58 662
58 663
58 664
58 665
58 666
58 667
58 668
58 669
58 670
58 671
58 672
58 673
58 674
58 675
58 676
58 677
58 678
58 679
58 680
58 681
58 682
58 683
58 684
58 685
58 686
58 687
58 688
58 689
58 690
58 691
58 692
58 693
58 694
58 695
58 696
58 697
58 698
58 699
58 700
58 701
58 702
58 703
58 704
58 705
58 706
58 707
58 708
58 709
58 710
58 711
58 712
58 713
58 714
58 715
58 716
58 717
58 718
58 719
58 720
58 721
58 722
58 723
58 724
58 725
58 726
58 727
58 728
58 729
58 730
58 731
58 732
58 733
58 734
58 735
58 736
58 737
58 738
58 739
58 740
58 741
58 742
58 743
58 744
58 745
58 746
58 747
58 748
58 749
58 750
58 751
58 752
58 753
58 754
58 755
58 756
58 757
58 758
58 759
58 760
58 761
58 762
58 763
58 764
58 765
58 766
58 767
58 768
58 769
58 770
58 771
58 772
58 773
58 774
58 775
58 776
58 777
58 778
58 779
58 780
58 781
58 782
58 783
58 784
58 785
58 786
58 787
58 788
58 789
58 790
58 791
58 792
58 793
58 794
58 795
58 796
58 797
58 798
58 799
58 800
58 801
58 802
58 803
58 804
58 805
58 806
58 807
58 808
58 809
58 810
58 811
58 812
58 813
58 814
58 815
58 816
58 817
58 818
58 819
58 820
58 821
58 822
58 823
58 824
58 825
58 826
58 827
58 828
58 829
58 830
58 831
58 832
58 833
58 834
58 835
58 836
58 837
58 838
58 839
58 840
58 841
58 842
58 843
58 844
58 845
58 846
58 847
58 848
58 849
58 850
58 851
58 852
58 853
58 854
58 855
58 856
58 857
58 858
58 859
58 860
58 861
58 862
58 863
58 864
58 865
58 866
58 867
58 868
58 869
58 870
58 871
58 872
58 873
58 874
58 875
58 876
58 877
58 878
58 879
58 880
58 881
58 882
58 883
58 884
58 885
58 886
58 887
58 888
58 889
58 890
58 891
58 892
58 893
58 894
58 895
58 896
58 897
58 898
58 899
58 900
58 901
58 902
58 903
58 904
58 905
58 906
58 907
58 908
58 909
58 910
58 911
58 912
58 913
58 914
58 915
58 916
58 917
58 918
58 919
58 920
58 921
58 922
58 923
58 924
58 925
58 926
58 927
58 928
58 929
58 930
58 931
58 932
58 933
58 934
58 935
58 936
58 937
58 938
58 939
58 940
58 941
58 942
58 943
58 944
58 945
58 946
58 947
58 948
58 949
58 950
58 951
58 952
58 953
58 954
58 955
58 956
58 957
58 958
58 959
58 960
58 961
58 962
58 963
58 964
58 965
58 966
58 967
58 968
58 969
58 970
58 971
58 972
58 973
58 974
58 975
58 976
58 977
58 978
58 979
58 980
58 981
58 982
58 983
58 984
58 985
58 986
58 987
58 988
58 989
58 990
58 991
58 992
58 993
58 994
58 995
58 996
58 997
58 998
58 999
58 1000
58 1001
58 1002
58 1003
58 1004
58 1005
58 1006
58 1007
58 1008
58 1009
58 1010
58 1011
58 1012
58 1013
58 1014
58 1015
58 1016
58 1017
58 1018
58 1019
58 1020
58 1021
58 1022
58 1023
58 1024
58 1025
58 1026
58 1027
58 1028
58 1029
58 1030
58 1031
58 1032
58 1033
58 1034
58 1035
58 1036
58 1037
58 1038
58 1039
58 1040
58 1041
58 1042
58 1043
58 1044
58 1045
58 1046
58 1047
58 1048
58 1049
58 1050
58 1051
58 1052
58 1053
58 1054
58 1055
58 1056
58 1057
58 1058
58 1059
58 1060
58 1061
58 1062
58 1063
58 1064
58 1065
58 1066
58 1067
58 1068
58 1069
58 1070
58 1071
58 1072
58 1073
58 1074
58 1075
58 1076
58 1077
58 1078
58 1079
58 1080
58 1081
58 1082
58 1083
58 1084
58 1085
58 1086
58 1087
58 1088
58 1089
58 1090
58 1091
58 1092
58 1093
58 1094
58 1095
58 1096
58 1097
58 1098
58 1099
58 1100
58 1101
58 1102
58 1103
58 1104
58 1105
58 1106
58 1107
58 1108
58 1109
58 1110
58 1111
58 1112
58 1113
58 1114
58 1115
58 1116
58 1117
58 1118
58 1119
58 1120
58 1121
58 1122
58 1123
58 1124
58 1125
58 1126
58 1127
58 1128
58 1129
58 1130
58 1131
58 1132
58 1133
58 1134
58 1135
58 1136
58 1137
58 1138
58 1139
58 1140
58 1141
58 1142
58 1143
58 1144
58 1145
58 1146
58 1147
58 1148
58 1149
58 1150
58 1151
58 1152
58 1153
58 1154
58 1155
58 1156
58 1157
58 1158
58 1159
58 1160
58 1161
58 1162
58 1163
58 1164
58 1165
58 1166
58 1167
58 1168
58 1169
58 1170
58 1171
58 1172
58 1173
58 1174
58 1175
58 1176
58 1177
58 1178
58 1179
58 1180
58 1181
58 1182
58 1183
58 1184
58 1185
58 1186
58 1187
58 1188
58 1189
58 1190
58 1191
58 1192
58 1193
58 1194
58 1195
58 1196
58 1197
58 1198
58 1199
58 1200
58 1201
58 1202
58 1203
58 1204
58 1205
58 1206
58 1207
58 1208
58 1209
58 1210
58 1211
58 1212
58 1213
58 1214
58 1215
58 1216
58 1217
58 1218
58 1219
58 1220
58 1221
58 1222
58 1223
58 1224
58 1225
58 1226
58 1227
58 1228
58 1229
58 1230
58 1231
58 1232
58 1233
58 1234
58 1235
58 1236
58 1237
58 1238
58 1239
58 1240
58 1241
58 1242
58 1243
58 1244
58 1245
58 1246
58 1247
58 1248
58 1249
58 1250
58 1251
58 1252
58 1253
58 1254
58 1255
58 1256
58 1257
58 1258
58 1259
58 1260
58 1261
58 1262
58 1263
58 1264
58 1265
58 1266
58 1267
58 1268
58 1269
58 1270
58 1271
58 1272
58 1273
58 1274
58 1275
58 1276
58 1277
58 1278
58 1279
58 1280
58 1281
58 1282
58 1283
58 1284
58 1285
58 1286
58 1287
58 1288
58 1289
58 1290
58 1291
58 1292
58 1293
58 1294
58 1295
58 1296
58 1297
58 1298
58 1299
58 1300
58 1301
58 1302
58 1303
58 1304
58 1305
58 1306
58 1307
58 1308
58 1309
58 1310
58 1311
58 1312
58 1313
58 1314
58 1315
58 1316
58 1317
58 1318
58 1319
58 1320
58 1321
58 1322
58 1323
58 1324
58 1325
58 1326
58 1327
58 1328
58 1329
58 1330
58 1331
58 1332
58 1333
58 1334
58 1335
58 1336
58 1337
58 1338
58 1339
58 1340
58 1341
58 1342
58 1343
58 1344
58 1345
58 1346
58 1347
58 1348
58 1349
58 1350
58 1351
58 1352
58 1353
58 1354
58 1355
58 1356
58 1357
58 1358
58 1359
58 1360
58 1361
58 1362
58 1363
58 1364
58 1365
58 1366
58 1367
58 1368
58 1369
58 1370
58 1371
58 1372
58 1373
58 1374
58 1375
58 1376
58 1377
58 1378
58 1379
58 1380
58 1381
58 1382
58 1383
58 1384
58 1385
58 1386
58 1387
58 1388
58 1389
58 1390
58 1391
58 1392
58 1393
58 1394
58 1395
58 1396
58 1397
58 1398
58 1399
58 1400
58 1401
58 1402
58 1403
58 1404
58 1405
58 1406
58 1407
58 1408
58 1409
58 1410
58 1411
58 1412
58 1413
58 1414
58 1415
58 1416
58 1417
58 1418
58 1419
58 1420
58 1421
58 1422
58 1423
58 1424
58 1425
58 1426
58 1427
58 1428
58 1429
58 1430
58 1431
58 1432
58 1433
58 1434
58 1435
58 1436
58 1437
58 1438
58 1439
58 1440
58 1441
58 1442
58 1443
58 1444
58 1445
58 1446
58 1447
58 1448
58 1449
58 1450
58 1451
58 1452
58 1453
58 1454
58 1455
58 1456
58 1457
58 1458
58 1459
58 1460
58 1461
58 1462
58 1463
58 1464
58 1465
58 1466
58 1467
58 1468
58 1469
58 1470
58 1471
58 1472
58 1473
58 1474
58 1475
58 1476
58 1477
58 1478
58 1479
58 1480
58 1481
58 1482
58 1483
58 1484
58 1485
58 1486
58 1487
58 1488
58 1489
58 1490
58 1491
58 1492
58 1493
58 1494
58 1495
58 1496
58 1497
58 1498
58 1499
58 1500
58 1501
58 1502
58 1503
58 1504
58 1505
58 1506
58 1507
58 1508
58 1509
58 1510
58 1511
58 1512
58 1513
58 1514
58 1515
58 1516
58 1517
58 1518
58 1519
58 1520
58 1521
58 1522
58 1523
58 1524
58 1525
58 1526
58 1527
58 1528
58 1529
58 1530
58 1531
58 1532
58 1533
58 1534
58 1535
58 1536
58 1537
58 1538
58 1539
58 1540
58 1541
58 1542
58 1543
58 1544
58 1545
58 1546
58 1547
58 1548
58 1549
58 1550
58 1551
58 1552
58 1553
58 1554
58 1555
58 1556
58 1557
58 1558
58 1559
58 1560
58 1561
58 1562
58 1563
58 1564
58 1565
58 1566
58 1567
58 1568
58 1569
58 1570
58 1571
58 1572
58 1573
58 1574
58 1575
58 1576
58 1577
58 1578
58 1579
58 1580
58 1581
58 1582
58 1583
58 1584
58 1585
58 1586
58 1587
58 1588
58 1589
58 1590
58 1591
58 1592
58 1593
58 1594
58 1595
58 1596
58 1597
58 1598
58 1599
58 1600
58 1601
58 1602
58 1603
58 1604
58 1605
58 1606
58 1607
58 1608
58 1609
58 1610
58 1611
58 1612
58 1613
58 1614
58 1615
58 1616
58 1617
58 1618
58 1619
58 1620
58 1621
58 1622
58 1623
58 1624
58 1625
58 1626
58 1627
58 1628
58 1629
58 1630
58 1631
58 1632
58 1633
58 1634
58 1635
58 1636
58 1637
58 1638
58 1639
58 1640
58 1641
58 1642
58 1643
58 1644
58 1645
58 1646
58 1647
58 1648
58 1649
58 1650
58 1651
58 1652
58 1653
58 1654
58 1655
58 1656
58 1657
58 1658
58 1659
58 1660
58 1661
58 1662
58 1663
58 1664
58 1665
58 1666
58 1667
58 1668
58 1669
58 1670
58 1671
58 1672
58 1673
58 1674
58 1675
58 1676
58 1677
58 1678
58 1679
58 1680
58 1681
58 1682
58 1683
58 1684
58 1685
58 1686
58 1687
58 1688
58 1689
58 1690
58 1691
58 1692
58 1693
58 1694
58 1695
58 1696
58 1697
58 1698
58 1699
58 1700
58 1701
58 1702
58 1703
58 1704
58 1705
58 1706
58 1707
58 1708
58 1709
58 1710
58 1711
58 1712
58 1713
58 1714
58 1715
58 1716
58 1717
58 1718
58 1719
58 1720
58 1721
58 1722
58 1723
58 1724
58 1725
58 1726
58 1727
58 1728
58 1729
58 1730
58 1731
58 1732
58 1733
58 1734
58 1735
58 1736
58 1737
58 1738
58 1739
58 1740
58 1741
58 1742
58 1743
58 1744
58 1745
58 1746
58 1747
58 1748
58 1749
58 1750
58 1751
58 1752
58 1753
58 1754
58 1755
58 1756
58 1757
58 1758
58 1759
58 1760
58 1761
58 1762
58 1763
58 1764
58 1765
58 1766
58 1767
58 1768
58 1769
58 1770
58 1771
58 1772
58 1773
58 1774
58 1775
58 1776
58 1777
58 1778
58 1779
58 1780
58 1781
58 1782
58 1783
58 1784
58 1785
58 1786
58 1787
58 1788
58 1789
58 1790
58 1791
58 1792
58 1793
58 1794
58 1795
58 1796
58 1797
58 1798
58 1799
58 1800
58 1801
58 1802
58 1803
58 1804
58 1805
58 1806
58 1807
58 1808
58 1809
58 1810
58 1811
58 1812
58 1813
58 1814
58 1815
58 1816
58 1817
58 1818
58 1819
58 1820
58 1821
58 1822
58 1823
58 1824
58 1825
58 1826
58 1827
58 1828
58 1829
58 1830
58 1831
58 1832
58 1833
58 1834
58 1835
58 1836
58 1837
58 1838
58 1839
58 1840
58 1841
58 1842
58 1843
58 1844
58 1845
58 1846
58 1847
58 1848
58 1849
58 1850
58 1851
58 1852
58 1853
58 1854
58 1855
58 1856
58 1857
58 1858
58 1859
58 1860
58 1861
58 1862
58 1863
58 1864
58 1865
58 1866
58 1867
58 1868
58 1869
58 1870
58 1871
58 1872
58 1873
58 1874
58 1875
58 1876
58 1877
58 1878
58 1879
58 1880
58 1881
58 1882
58 1883
58 1884
58 1885
58 1886
58 1887
58 1888
58 1889
58 1890
58 1891
58 1892
58 1893
58 1894
58 1895
58 1896
58 1897
58 1898
58 1899
58 1900
58 1901
58 1902
58 1903
58 1904
58 1905
58 1906
58 1907
58 1908
58 1909
58 1910
58 1911
58 1912
58 1913
58 1914
58 1915
58 1916
58 1917
58 1918
58 1919
58 1920
58 1921
58 1922
58 1923
58 1924
58 1925
58 1926
58 1927
58 1928
58 1929
58 1930
58 1931
58 1932
58 1933
58 1934
58 1935
58 1936
58 1937
58 1938
58 1939
58 1940
58 1941
58 1942
58 1943
58 1944
58 1945
58 1946
58 1947
58 1948
58 1949
58 1950
58 1951
58 1952
58 1953
58 1954
58 1955
58 1956
58 1957
58 1958
58 1959
58 1960
58 1961
58 1962
58 1963
58 1964
58 1965
58 1966
58 1967
58 1968
58 1969
58 1970
58 1971
58 1972
58 1973
58 1974
58 1975
58 1976
58 1977
58 1978
58 1979
58 1980
58 1981
58 1982
58 1983
58 1984
58 1985
58 1986
58 1987
58 1988
58 1989
58 1990
58 1991
58 1992
58 1993
58 1994
58 1995
58 1996
58 1997
58 1998
58 1999
58 2000
58 2001
58 2002
58 2003
58 2004
58 2005
58 2006
58 2007
58 2008
58 2009
58 2010
58 2011
58 2012
58 2013
58 2014
58 2015
58 2016
58 2017
58 2018
58 2019
58 2020
58 2021
58 2022
58 2023
58 2024
58 2025
58 2026
58 2027
58 2028
58 2029
58 2030
58 2031
58 2032
58 2033
58 2034
58 2035
58 2036
58 2037
58 2038
58 2039
58 2040
58 2041
58 2042
58 2043
58 2044
58 2045
58 2046
58 2047
58 2048
58 2049
58 2050
58 2051
58 2052
58 2053
58 2054
58 2055
58 2056
58 2057
58 2058
58 2059
58 2060
58 2061
58 2062
58 2063
58 2064
58 2065
58 2066
58 2067
58 2068
58 2069
58 2070
58 2071
58 2072
58 2073
58 2074
58 2075
58 2076
58 2077
58 2078
58 2079
58 2080
58 2081
58 2082
58 2083
58 2084
58 2085
58 2086
58 2087
58 2088
58 2089
58 2090
58 2091
58 2092
58 2093
58 2094
58 2095
58 2096
58 2097
58 2098
58 2099
58 2100
58 2101
58 2102
58 2103
58 2104
58 2105
58 2106
58 2107
58 2108
58 2109
58 2110
58 2111
58 2112
58 2113
58 2114
58 2115
58 2116
58 2117
58 2118
58 2119
58 2120
58 2121
58 2122
58 2123
58 2124
58 2125
58 2126
58 2127
58 2128
58 2129
58 2130
58 2131
58 2132
58 2133
58 2134
58 2135
58 2136
58 2137
58 2138
58 2139
58 2140
58 2141
58 2142
58 2143
58 2144
58 2145
58 2146
58 2147
58 2148
58 2149
58 2150
58 2151
58 2152
58 2153
58 2154
58 2155
58 2156
58 2157
58 2158
58 2159
58 2160
58 2161
58 2162
58 2163
58 2164
58 2165
58 2166
58 2167
58 2168
58 2169
58 2170
58 2171
58 2172
58 2173
58 2174
58 2175
58 2176
58 2177
58 2178
58 2179
58 2180
58 2181
58 2182
58 2183
58 2184
58 2185
58 2186
58 2187
58 2188
58 2189
58 2190
58 2191
58 2192
58 2193
58 2194
58 2195
58 2196
58 2197
58 2198
58 2199
58 2200
58 2201
58 2202
58 2203
58 2204
58 2205
58 2206
58 2207
58 2208
58 2209
58 2210
58 2211
58 2212
58 2213
58 2214
58 2215
58 2216
58 2217
58 2218
58 2219
58 2220
58 2221
58 2222
58 2223
58 2224
58 2225
58 2226
58 2227
58 2228
58 2229
58 2230
58 2231
58 2232
58 2233
58 2234
58 2235
58 2236
58 2237
58 2238
58 2239
58 2240
58 2241
58 2242
58 2243
58 2244
58 2245
58 2246
58 2247
58 2248
58 2249
58 2250
58 2251
58 2252
58 2253
58 2254
58 2255
58 2256
58 2257
58 2258
58 2259
58 2260
58 2261
58 2262
58 2263
58 2264
58 2265
58 2266
58 2267
58 2268
58 2269
58 2270
58 2271
58 2272
58 2273
58 2274
58 2275
58 2276
58 2277
58 2278
58 2279
58 2280
58 2281
58 2282
58 2283
58 2284
58 2285
58 2286
58 2287
58 2288
58 2289
58 2290
58 2291
58 2292
58 2293
58 2294
58 2295
58 2296
58 2297
58 2298
58 2299
58 2300
58 2301
58 2302
58 2303
58 2304
58 2305
58 2306
58 2307
58 2308
58 2309
58 2310
58 2311
58 2312
58 2313
58 2314
58 2315
58 2316
58 2317
58 2318
58 2319
58 2320
58 2321
58 2322
58 2323
58 2324
58 2325
58 2326
58 2327
58 2328
58 2329
58 2330
58 2331
58 2332
58 2333
58 2334
58 2335
58 2336
58 2337
58 2338
58 2339
58 2340
58 2341
58 2342
58 2343
58 2344
58 2345
58 2346
58 2347
58 2348
58 2349
58 2350
58 2351
58 2352
58 2353
58 2354
58 2355
58 2356
58 2357
58 2358
58 2359
58 2360
58 2361
58 2362
58 2363
58 2364
58 2365
58 2366
58 2367
58 2368
58 2369
58 2370
58 2371
58 2372
58 2373
58 2374
58 2375
58 2376
58 2377
58 2378
58 2379
58 2380
58 2381
58 2382
58 2383
58 2384
58 2385
58 2386
58 2387
58 2388
58 2389
58 2390
58 2391
58 2392
58 2393
58 2394
58 2395
58 2396
58 2397
58 2398
58 2399
58 2400
58 2401
58 2402
58 2403
58 2404
58 2405
58 2406
58 2407
58 2408
58 2409
58 2410
58 2411
58 2412
58 2413
58 2414
58 2415
58 2416
58 2417
58 2418
58 2419
58 2420
58 2421
58 2422
58 2423
58 2424
58 2425
58 2426
58 2427
58 2428
58 2429
58 2430
58 2431
58 2432
58 2433
58 2434
58 2435
58 2436
58 2437
58 2438
58 2439
58 2440
58 2441
58 2442
58 2443
58 2444
58 2445
58 2446
58 2447
58 2448
58 2449
58 2450
58 2451
58 2452
58 2453
58 2454
58 2455
58 2456
58 2457
58 2458
58 2459
58 2460
58 2461
58 2462
58 2463
58 2464
58 2465
58 2466
58 2467
58 2468
58 2469
58 2470
58 2471
58 2472
58 2473
58 2474
58 2475
58 2476
58 2477
58 2478
58 2479
58 2480
58 2481
58 2482
58 2483
58 2484
58 2485
58 2486
58 2487
58 2488
58 2489
58 2490
58 2491
58 2492
58 2493
58 2494
58 2495
58 2496
58 2497
58 2498
58 2499
58 2500
58 2501
58 2502
58 2503
58 2504
58 2505
58 2506
58 2507
58 2508
58 2509
58 2510
58 2511
58 2512
58 2513
58 2514
58 2515
58 2516
58 2517
58 2518
58 2519
58 2520
58 2521
58 2522
58 2523
58 2524
58 2525
58 2526
58 2527
58 2528
58 2529
58 2530
58 2531
58 2532
58 2533
58 2534
58 2535
58 2536
58 2537
58 2538
58 2539
58 2540
58 2541
58 2542
58 2543
58 2544
58 2545
58 2546
58 2547
58 2548
58 2549
58 2550
58 2551
58 2552
58 2553
58 2554
58 2555
58 2556
58 2557
58 2558
58 2559
58 2560
58 2561
58 2562
58 2563
58 2564
58 2565
58 2566
58 2567
58 2568
58 2569
58 2570
58 2571
58 2572
58 2573
58 2574
58 2575
58 2576
58 2577
58 2578
58 2579
58 2580
58 2581
58 2582
58 2583
58 2584
58 2585
58 2586
58 2587
58 2588
58 2589
58 2590
58 2591
58 2592
58 2593
58 2594
58 2595
58 2596
58 2597
58 2598
58 2599
58 2600
58 2601
58 2602
58 2603
58 2604
58 2605
58 2606
58 2607
58 2608
58 2609
58 2610
58 2611
58 2612
58 2613
58 2614
58 2615
58 2616
58 2617
58 2618
58 2619
58 2620
58 2621
58 2622
58 2623
58 2624
58 2625
58 2626
58 2627
58 2628
58 2629
58 2630
58 2631
58 2632
58 2633
58 2634
58 2635
58 2636
58 2637
58 2638
58 2639
58 2640
58 2641
58 2642
58 2643
58 2644
58 2645
58 2646
58 2647
58 2648
58 2649
58 2650
58 2651
58 2652
58 2653
58 2654
58 2655
58 2656
58 2657
58 2658
58 2659
58 2660
58 2661
58 2662
58 2663
58 2664
58 2665
58 2666
58 2667
58 2668
58 2669
58 2670
58 2671
58 2672
58 2673
58 2674
58 2675
58 2676
58 2677
58 2678
58 2679
58 2680
58 2681
58 2682
58 2683
58 2684
58 2685
58 2686
58 2687
58 2688
58 2689
58 2690
58 2691
58 2692
58 2693
58 2694
58 2695
58 2696
58 2697
58 2698
58 2699
58 2700
58 2701
58 2702
58 2703
58 2704
58 2705
58 2706
58 2707
58 2708
58 2709
58 2710
58 2711
58 2712
58 2713
58 2714
58 2715
58 2716
58 2717
58 2718
58 2719
58 2720
58 2721
58 2722
58 2723
58 2724
58 2725
58 2726
58 2727
58 2728
58 2729
58 2730
58 2731
58 2732
58 2733
58 2734
58 2735
58 2736
58 2737
58 2738
58 2739
58 2740
58 2741
58 2742
58 2743
58 2744
58 2745
58 2746
58 2747
58 2748
58 2749
58 2750
58 2751
58 2752
58 2753
58 2754
58 2755
58 2756
58 2757
58 2758
58 2759
58 2760
58 2761
58 2762
58 2763
58 2764
58 2765
58 2766
58 2767
58 2768
58 2769
58 2770
58 2771
58 2772
58 2773
58 2774
58 2775
58 2776
58 2777
58 2778
58 2779
58 2780
58 2781
58 2782
58 2783
58 2784
58 2785
58 2786
58 2787
58 2788
58 2789
58 2790
58 2791
58 2792
58 2793
58 2794
58 2795
58 2796
58 2797
58 2798
58 2799
58 2800
58 2801
58 2802
58 2803
58 2804
58 2805
58 2806
58 2807
58 2808
58 2809
58 2810
58 2811
58 2812
58 2813
58 2814
58 2815
58 2816
58 2817
58 2818
58 2819
58 2820
58 2821
58 2822
58 2823
58 2824
58 2825
58 2826
58 2827
58 2828
58 2829
58 2830
58 2831
58 2832
58 2833
58 2834
58 2835
58 2836
58 2837
58 2838
58 2839
58 2840
58 2841
58 2842
58 2843
58 2844
58 2845
58 2846
58 2847
58 2848
58 2849
58 2850
58 2851
58 2852
58 2853
58 2854
58 2855
58 2856
58 2857
58 2858
58 2859
58 2860
58 2861
58 2862
58 2863
58 2864
58 2865
58 2866
58 2867
58 2868
58 2869
58 2870
58 2871
58 2872
58 2873
58 2874
58 2875
58 2876
58 2877
58 2878
58 2879
58 2880
58 2881
58 2882
58 2883
58 2884
58 2885
58 2886
58 2887
58 2888
58 2889
58 2890
58 2891
58 2892
58 2893
58 2894
58 2895
58 2896
58 2897
58 2898
58 2899
58 2900
58 2901
58 2902
58 2903
58 2904
58 2905
58 2906
58 2907
58 2908
58 2909
58 2910
58 2911
58 2912
58 2913
58 2914
58 2915
58 2916
58 2917
58 2918
58 2919
58 2920
58 2921
58 2922
58 2923
58 2924
58 2925
58 2926
58 2927
58 2928
58 2929
58 2930
58 2931
58 2932
58 2933
58 2934
58 2935
58 2936
58 2937
58 2938
58 2939
58 2940
58 2941
58 2942
58 2943
58 2944
58 2945
58 2946
58 2947
58 2948
58 2949
58 2950
58 2951
58 2952
58 2953
58 2954
58 2955
58 2956
58 2957
58 2958
58 2959
58 2960
58 2961
58 2962
58 2963
58 2964
58 2965
58 2966
58 2967
58 2968
58 2969
58 2970
58 2971
58 2972
58 2973
58 2974
58 2975
58 2976
58 2977
58 2978
58 2979
58 2980
58 2981
58 2982
58 2983
58 2984
58 2985
58 2986
58 2987
58 2988
58 2989
58 2990
58 2991
58 2992
58 2993
58 2994
58 2995
58 2996
58 2997
58 2998
58 2999
58 3000
58 3001
58 3002
58 3003
58 3004
58 3005
58 3006
58 3007
58 3008
58 3009
58 3010
58 3011
58 3012
58 3013
58 3014
58 3015
58 3016
58 3017
58 3018
58 3019
58 3020
58 3021
58 3022
58 3023
58 3024
58 3025
58 3026
58 3027
58 3028
58 3029
58 3030
58 3031
58 3032
58 3033
58 3034
58 3035
58 3036
58 3037
58 3038
58 3039
58 3040
58 3041
58 3042
58 3043
58 3044
58 3045
58 3046
58 3047
58 3048
58 3049
58 3050
58 3051
58 3052
58 3053
58 3054
58 3055
58 3056
58 3057
58 3058
58 3059
58 3060
58 3061
58 3062
58 3063
58 3064
58 3065
58 3066
58 3067
58 3068
58 3069
58 3070
58 3071
58 3072
58 3073
58 3074
58 3075
58 3076
58 3077
58 3078
58 3079
58 3080
58 3081
58 3082
58 3083
58 3084
58 3085
58 3086
58 3087
58 3088
58 3089
58 3090
58 3091
58 3092
58 3093
58 3094
58 3095
58 3096
58 3097
58 3098
58 3099
58 3100
58 3101
58 3102
58 3103
58 3104
58 3105
58 3106
58 3107
58 3108
58 3109
58 3110
58 3111
58 3112
58 3113
58 3114
58 3115
58 3116
58 3117
58 3118
58 3119
58 3120
58 3121
58 3122
58 3123
58 3124
58 3125
58 3126
58 3127
58 3128
58 3129
58 3130
58 3131
58 3132
58 3133
58 3134
58 3135
58 3136
58 3137
58 3138
58 3139
58 3140
58 3141
58 3142
58 3143
58 3144
58 3145
58 3146
58 3147
58 3148
58 3149
58 3150
58 3151
58 3152
58 3153
58 3154
58 3155
58 3156
58 3157
58 3158
58 3159
58 3160
58 3161
58 3162
58 3163
58 3164
58 3165
58 3166
58 3167
58 3168
58 3169
58 3170
58 3171
58 3172
58 3173
58 3174
58 3175
58 3176
58 3177
58 3178
58 3179
58 3180
58 3181
58 3182
58 3183
58 3184
58 3185
58 3186
58 3187
58 3188
58 3189
58 3190
58 3191
58 3192
58 3193
58 3194
58 3195
58 3196
58 3197
58 3198
58 3199
58 3200
58 3201
58 3202
58 3203
58 3204
58 3205
58 3206
58 3207
58 3208
58 3209
58 3210
58 3211
58 3212
58 3213
58 3214
58 3215
58 3216
58 3217
58 3218
58 3219
58 3220
58 3221
58 3222
58 3223
58 3224
58 3225
58 3226
58 3227
58 3228
58 3229
58 3230
58 3231
58 3232
58 3233
58 3234
58 3235
58 3236
58 3237
58 3238
58 3239
58 3240
58 3241
58 3242
58 3243
58 3244
58 3245
58 3246
58 3247
58 3248
58 3249
58 3250
58 3251
58 3252
58 3253
58 3254
58 3255
58 3256
58 3257
58 3258
58 3259
58 3260
58 3261
58 3262
58 3263
58 3264
58 3265
58 3266
58 3267
58 3268
58 3269
58 3270
58 3271
58 3272
58 3273
58 3274
58 3275
58 3276
58 3277
58 3278
58 3279
58 3280
58 3281
58 3282
58 3283
58 3284
58 3285
58 3286
58 3287
58 3288
58 3289
58 3290
58 3291
58 3292
58 3293
58 3294
58 3295
58 3296
58 3297
58 3298
58 3299
58 3300
58 3301
58 3302
58 3303
58 3304
58 3305
58 3306
58 3307
58 3308
58 3309
58 3310
58 3311
58 3312
58 3313
58 3314
58 3315
58 3316
58 3317
58 3318
58 3319
58 3320
58 3321
58 3322
58 3323
58 3324
58 3325
58 3326
58 3327
58 3328
58 3329
58 3330
58 3331
58 3332
58 3333
58 3334
58 3335
58 3336
58 3337
58 3338
58 3339
58 3340
58 3341
58 3342
58 3343
58 3344
58 3345
58 3346
58 3347
58 3348
58 3349
58 3350
58 3351
58 3352
58 3353
58 3354
58 3355
58 3356
58 3357
58 3358
58 3359
58 3360
58 3361
58 3362
58 3363
58 3364
58 3365
58 3366
58 3367
58 3368
58 3369
58 3370
58 3371
58 3372
58 3373
58 3374
58 3375
58 3376
58 3377
58 3378
58 3379
58 3380
58 3381
58 3382
58 3383
58 3384
58 3385
58 3386
58 3387
58 3388
58 3389
58 3390
58 3391
58 3392
58 3393
58 3394
58 3395
58 3396
58 3397
58 3398
58 3399
58 3400
58 3401
58 3402
58 3403
58 3404
58 3405
58 3406
58 3407
58 3408
58 3409
58 3410
58 3411
58 3412
58 3413
58 3414
58 3415
58 3416
58 3417
58 3418
58 3419
58 3420
58 3421
58 3422
58 3423
58 3424
58 3425
58 3426
58 3427
58 3428
58 3429
58 3430
58 3431
58 3432
58 3433
58 3434
58 3435
58 3436
58 3437
58 3438
58 3439
58 3440
58 3441
58 3442
58 3443
58 3444
58 3445
58 3446
58 3447
58 3448
58 3449
58 3450
58 3451
58 3452
58 3453
58 3454
58 3455
58 3456
58 3457
58 3458
58 3459
58 3460
58 3461
58 3462
58 3463
58 3464
63 3465
63 3466
63 3467
63 3468
63 3469
63 3470
63 3471
63 3472
63 3473
63 3474
63 3475
63 3476
63 3477
63 3478
63 3479
63 3480
63 3481
63 3482
63 3483
63 3484
63 3485
63 3486
63 3487
63 3488
63 3489
63 3490
63 3491
63 3492
63 3493
63 3494
63 3495
63 3496
63 3497
63 3498
63 3499
63 3500
63 3501
63 3502
63 3503
63 3504
63 3505
63 3506
63 3507
63 3508
63 3509
63 3510
63 3511
63 3512
63 3513
63 3514
63 3515
63 3516
63 3517
63 3518
63 3519
63 3520
63 3521
63 3522
63 3523
63 3524
63 3525
63 3526
63 3527
63 3528
63 3529
63 3530
63 3531
63 3532
63 3533
63 3534
63 3535
63 3536
63 3537
63 3538
63 3539
63 3540
63 3541
69 3542
69 3543
69 3544
69 3545
69 3546
69 3547
69 3548
69 3549
69 3550
69 3551
70 3552
70 3553
70 3554
70 3555
70 3556
70 3557
70 3558
70 3559
70 3560
70 3561
70 3562
70 3563
70 3564
70 3565
70 3566
70 3567
70 3568
70 3569
70 3570
70 3571
70 3572
70 3573
70 3574
70 3575
72 3576
72 3577
72 3578
72 3579
72 3580
72 3581
72 3582
3583 1080
3583 3584
3583 3585
3583 3586
3583 3587
3583 3588
3583 3589
3583 3590
3583 3591
3583 3592
3583 3593
3583 3594
3583 3595
3583 3596
3583 3597
3583 3598
3583 3599
3583 3600
3583 3601
3583 3602
3583 3603
3583 3604
3583 3605
3583 3606
3583 3607
3583 3608
3583 3609
3583 3610
3583 3611
3583 3612
3583 3613
3583 3614
3583 3615
3583 3616
3583 3617
3583 3618
3583 3619
3583 3620
3583 3621
3583 3622
3583 3623
3583 3624
3583 3625
3583 3626
3583 3627
3583 3628
3583 3629
3583 3630
3583 3631
3583 3632
3583 3633
3583 3634
3583 3635
3583 3636
3583 3637
3583 3638
3583 3639
3583 3640
3583 3641
3583 3642
3583 3643
3583 3644
3583 3645
3583 3646
3583 3647
3583 3648
3583 3649
3583 3650
3583 3651
3583 3652
3583 3653
3583 3654
3583 3655
3583 3656
3583 3657
3583 3658
3583 3659
3583 3660
3583 3661
3583 3662
3583 3663
3583 3664
3583 3665
3583 3666
3583 3667
3583 3668
3583 3669
3583 3670
3583 3671
3583 3672
3583 3673
3583 3674
3583 3675
3583 3676
3583 3677
3583 3678
3583 3679
3583 3680
3583 3681
3583 3682
3583 3683
3583 3684
3583 3685
3583 3686
3583 3687
3583 3688
3583 3689
3583 3690
3583 3691
3583 3692
3583 3693
3583 3694
3583 3695
3583 3696
3583 3697
3583 3698
3583 3699
3583 3700
3583 3701
3583 3702
3583 3703
3583 3704
3583 3705
3583 3706
3583 3707
3583 3708
3583 3709
3583 3710
3583 3711
3583 3712
3583 3713
3583 3714
3583 3715
3583 3716
3583 3717
3583 3718
3583 3719
3583 3720
3583 3721
3583 3722
3583 3723
3583 3724
3583 3725
3583 3726
3583 3727
3583 3728
3583 3729
3583 3730
3583 3731
3583 3732
3583 3733
3583 3734
3583 3735
3583 3736
3583 3737
3583 3738
3583 3739
3583 3740
3583 3741
3583 3742
3583 3743
3583 3744
3583 3745
3583 3746
3583 3747
3583 3748
3583 3749
3583 3750
3583 3751
3583 3752
3583 3753
3583 3754
3583 3755
3583 3756
3583 3757
3583 3758
3583 3759
3583 3760
3583 3761
3583 3762
3583 3763
3583 3764
3583 3765
3583 3766
3583 3767
3583 3768
3583 3769
3583 3770
3583 3771
3583 3772
3583 3773
3583 3774
3583 3775
3583 3776
3583 3777
3583 3778
3583 3779
3583 3780
3583 3781
3583 3782
3583 3783
3583 3784
3583 3785
3583 3786
3583 3787
3583 3788
3583 3789
3583 3790
3583 3791
3583 3792
3583 3793
3583 3794
3583 3795
3583 3796
3583 3797
3583 3798
3583 3799
3583 3800
3583 3801
3583 3802
3583 3803
3583 3804
3583 3805
3583 3806
3583 3807
3583 3808
3583 3809
3583 3810
3583 3811
3583 3812
3583 3813
3583 3814
3583 3815
3583 3816
3583 3817
3583 3818
3583 3819
3583 3820
3583 3821
3583 3822
3583 3823
3583 3824
3583 3825
3583 3826
3583 3827
3583 3828
3583 3829
3583 3830
3583 3831
3583 3832
3583 3833
3583 3834
3583 3835
3583 3836
3583 3837
3583 3838
3583 3839
3583 3840
3583 3841
3583 3842
3583 3843
3583 3844
3583 3845
3583 3846
3583 3847
3583 3848
3583 3849
3583 3850
3583 3851
3583 3852
3583 3853
3583 3854
3583 3855
3583 3856
3583 3857
3583 3858
3583 3859
3583 3860
3583 3861
3583 3862
3583 3863
3583 3864
3583 3865
3583 3866
3583 3867
3583 3868
3583 3869
3583 3870
3583 3871
3583 3872
3583 3873
3583 3874
3583 3875
3583 3876
3583 3877
3583 3878
3583 3879
3583 3880
3583 3881
3583 3882
3583 3883
3583 3884
3583 3885
3583 3886
3583 3887
3583 3888
3583 3889
3583 3890
3583 3891
3583 3892
3583 3893
3583 3894
3583 3895
3583 3896
3583 3897
3583 3898
3583 3899
3583 3900
3583 3901
3583 3902
3583 3903
3583 3904
3583 3905
3583 3906
3583 3907
3583 3908
3583 3909
3583 3910
3583 3911
3583 3912
3583 3913
3583 3914
3583 3915
3583 3916
3583 3917
3583 3918
3583 3919
3583 3920
3583 3921
3583 3922
3583 3923
3583 3924
3583 3925
3583 3926
3583 3927
3583 3928
3583 3929
3583 3930
3583 3931
3583 3932
3583 3933
3583 3934
3583 3935
3583 3936
3583 3937
3583 3938
3583 3939
3583 3940
3583 3941
3583 3942
3583 3943
3583 3944
3583 3945
3583 3946
3583 3947
3583 3948
3583 3949
3583 3950
3583 3951
3583 3952
3583 3953
3583 3954
3583 3955
3583 3956
3583 3957
3583 3958
3583 3959
3583 3960
3583 3961
3583 3962
3583 3963
3583 3964
3583 3965
3583 3966
3583 3967
3583 3968
3583 3969
3583 3970
3583 3971
3583 3972
3583 3973
3583 3974
3583 3975
3583 3976
3583 3977
3583 3978
3583 3979
3583 3980
3583 3981
3583 3982
3583 3983
3583 3984
3583 3985
3583 3986
3583 3987
3583 3988
3583 3989
3583 3990
3583 3991
3583 3992
3583 3993
3583 3994
3583 3995
3583 3996
3583 3997
3583 3998
3583 3999
3583 4000
3583 4001
3583 4002
3583 4003
3583 4004
3583 4005
3583 4006
3583 4007
3583 4008
3583 4009
3583 4010
3583 4011
3583 4012
3583 4013
3583 4014
3583 4015
3583 4016
3583 4017
3583 4018
3583 4019
3583 4020
3583 4021
3583 4022
3583 4023
3583 4024
3583 4025
3583 4026
3583 4027
3583 4028
3583 4029
3583 4030
3583 4031
3583 4032
3583 4033
3583 4034
3583 4035
3583 4036
3583 4037
3583 4038
3583 4039
3583 4040
3583 4041
3583 4042
3583 4043
3583 4044
3583 4045
3583 4046
3583 4047
3583 4048
3583 4049
3583 4050
3583 4051
3583 4052
3583 4053
3583 4054
3583 4055
3583 4056
3583 4057
3583 4058
3583 4059
3583 4060
3583 4061
3583 4062
3583 4063
3583 4064
3583 4065
3583 4066
3583 4067
3583 4068
3583 4069
3583 4070
3583 4071
3583 4072
3583 4073
3583 4074
3583 4075
3583 4076
3583 4077
3583 4078
3583 4079
3583 4080
3583 4081
3583 4082
3583 4083
3583 4084
3583 4085
3583 4086
3583 4087
3583 4088
3583 4089
3583 4090
3583 4091
3583 4092
3583 4093
3583 4094
3583 4095
3583 4096
3583 4097
3583 4098
3583 4099
3583 4100
3583 4101
3583 4102
3583 4103
3583 4104
3583 4105
3583 4106
3583 4107
3583 4108
3583 4109
3583 4110
3583 4111
3583 4112
3583 4113
3583 4114
3583 4115
3583 4116
3583 4117
3583 4118
3583 4119
3583 4120
3583 4121
3583 4122
3583 4123
3583 4124
3583 4125
3583 4126
3583 4127
3583 4128
3583 4129
3583 4130
3583 4131
3583 4132
3583 4133
3583 4134
3583 4135
3583 4136
3583 4137
3583 4138
3583 4139
3583 4140
3583 4141
3583 4142
3583 4143
3583 4144
3583 4145
3583 4146
3583 4147
3583 4148
3583 4149
3583 4150
3583 4151
3583 4152
3583 4153
3583 4154
3583 4155
3583 4156
3583 4157
3583 4158
3583 4159
3583 4160
3583 4161
3583 4162
3583 4163
3583 4164
3583 4165
3583 4166
3583 4167
3583 4168
3583 4169
3583 4170
3583 4171
3583 4172
3583 4173
3583 4174
3583 4175
3583 4176
3583 4177
3583 4178
3583 4179
3583 4180
3583 4181
3583 4182
3583 4183
3583 4184
3583 4185
3583 4186
3583 4187
3583 4188
3583 4189
3583 4190
3583 4191
3583 4192
3583 4193
3583 4194
3583 4195
3583 4196
3583 4197
3583 4198
3583 4199
3583 4200
3583 4201
3583 4202
3583 4203
3583 4204
3583 4205
3583 4206
3583 4207
3583 4208
3583 4209
3583 4210
3583 4211
3583 4212
3583 4213
3583 4214
3583 4215
3583 4216
3583 4217
3583 4218
3583 4219
3583 4220
3583 4221
3583 4222
3583 4223
3583 4224
3583 4225
3583 4226
3583 4227
3583 4228
3583 4229
3583 4230
3583 4231
3583 4232
3583 4233
3583 4234
3583 4235
3583 4236
3583 4237
3583 4238
3583 4239
3583 4240
3583 4241
3583 4242
3583 4243
3583 4244
3583 4245
3583 4246
3583 4247
3583 4248
3583 4249
3583 4250
3583 4251
3583 4252
3583 4253
3583 4254
3583 4255
3583 4256
3583 4257
3583 4258
3583 4259
3583 4260
3583 4261
3583 4262
3583 4263
3583 4264
3583 4265
3583 4266
3583 4267
3583 4268
3583 4269
3583 4270
3583 4271
3583 4272
3583 4273
3583 4274
3583 4275
3583 4276
3583 4277
3583 4278
3583 4279
3583 4280
3583 4281
3583 4282
3583 4283
3583 4284
3583 4285
3583 4286
3583 4287
3583 4288
3583 4289
3583 4290
3583 4291
3583 4292
3583 4293
3583 4294
3583 4295
3583 4296
3583 4297
3583 4298
3583 4299
3583 4300
3583 4301
3583 4302
3583 4303
3583 4304
3583 4305
3583 4306
3583 4307
3583 4308
3583 4309
3583 4310
3583 4311
3583 4312
3583 4313
3583 4314
3583 4315
3583 4316
3583 4317
3583 4318
3583 4319
3583 4320
3583 4321
3583 4322
3583 4323
3583 4324
3583 4325
3583 4326
3583 4327
3583 4328
3583 4329
3583 4330
3583 4331
3583 4332
3583 4333
3583 4334
3583 4335
3583 4336
3583 4337
3583 4338
3583 4339
3583 4340
3583 4341
3583 4342
3583 4343
3583 4344
3583 4345
3583 4346
3583 4347
3583 4348
3583 4349
3583 4350
3583 4351
3583 4352
3583 4353
3583 4354
3583 4355
3583 4356
3583 4357
3583 4358
3583 4359
3583 4360
3583 4361
3583 4362
3583 4363
3583 4364
3583 4365
3583 4366
3583 4367
3583 4368
3583 4369
3583 4370
3583 4371
3583 4372
3583 4373
3583 4374
3583 4375
3583 4376
3583 4377
3583 4378
3583 4379
3583 4380
3583 4381
3583 4382
3583 4383
3583 4384
3583 4385
3583 4386
3583 4387
3583 4388
3583 4389
3583 4390
3583 4391
3583 4392
3583 4393
3583 4394
3583 4395
3583 4396
3583 4397
3583 4398
3583 4399
3583 4400
3583 4401
3583 4402
3583 4403
3583 4404
3583 4405
3583 4406
3583 4407
3583 4408
3583 4409
3583 4410
3583 4411
3583 4412
3583 4413
3583 4414
3583 4415
3583 4416
3583 4417
3583 4418
3583 4419
3583 4420
3583 4421
3583 4422
3583 4423
3583 4424
3583 4425
3583 4426
3583 4427
3583 4428
3583 4429
3583 4430
3583 4431
3583 4432
3583 4433
3583 4434
3583 4435
3583 4436
3583 4437
3583 4438
3583 4439
3583 4440
3583 4441
3583 4442
3583 4443
3583 4444
3583 4445
3583 4446
3583 4447
3583 4448
3583 4449
3583 4450
3583 4451
3583 4452
3583 4453
3583 4454
3583 4455
3583 4456
3583 4457
3583 4458
3583 4459
3583 4460
3583 4461
3583 4462
3583 4463
3583 4464
3583 4465
3583 4466
3583 4467
3583 4468
3583 4469
3583 4470
3583 4471
3583 4472
3583 4473
3583 4474
3583 4475
3583 4476
3583 4477
3583 4478
3583 4479
3583 4480
3583 4481
3583 4482
3583 4483
3583 4484
3583 4485
3583 4486
3583 4487
3583 4488
3583 4489
3583 4490
3583 4491
3583 4492
3583 4493
3583 4494
3583 4495
3583 4496
3583 4497
3583 4498
3583 4499
3583 4500
3583 4501
3583 4502
3583 4503
3583 4504
3583 4505
3583 4506
3583 4507
3583 4508
3583 4509
3583 4510
3583 4511
3583 4512
3583 4513
3583 4514
3583 4515
3583 4516
3583 4517
3583 4518
3583 4519
3583 4520
3583 4521
3583 4522
3583 4523
3583 4524
3583 4525
3583 4526
3583 4527
3583 4528
3583 4529
3583 4530
3583 4531
3583 4532
3583 4533
3583 4534
3583 4535
3583 4536
3583 4537
3583 4538
3583 4539
3583 4540
3583 4541
3583 4542
3583 4543
3583 4544
3583 4545
3583 4546
3583 4547
3583 4548
3583 4549
3583 4550
3583 4551
3583 4552
3583 4553
3583 4554
3583 4555
3583 4556
3583 4557
3583 4558
3583 4559
3583 4560
3583 4561
3583 4562
3583 4563
3583 4564
3583 4565
3583 4566
3583 4567
3583 4568
3583 4569
3583 4570
3583 4571
3583 4572
3583 4573
3583 4574
3583 4575
3583 4576
3583 4577
3583 4578
3583 4579
3583 4580
3583 4581
3583 4582
3583 4583
3583 4584
3583 4585
3583 4586
3583 4587
3583 4588
3583 4589
3583 4590
3583 4591
3583 4592
3583 4593
3583 4594
3583 4595
3583 4596
3583 4597
3583 4598
3583 4599
3583 4600
3583 4601
3583 4602
3583 4603
3583 4604
3583 4605
3583 4606
3583 4607
3583 4608
3583 4609
3583 4610
3583 4611
3583 4612
3583 4613
3583 4614
3583 4615
3583 4616
3583 4617
3583 4618
3583 4619
3583 4620
3583 4621
3583 4622
3583 4623
3583 4624
3583 4625
3583 4626
3583 4627
3583 4628
3583 4629
3583 4630
3583 4631
3583 4632
3583 4633
3583 4634
3583 4635
3583 4636
3583 4637
3583 4638
3583 4639
3583 4640
3583 4641
3583 4642
3583 4643
3583 4644
3583 4645
3583 4646
3583 4647
3583 4648
3583 4649
3583 4650
3583 4651
3583 4652
3583 4653
3583 4654
3583 4655
3583 4656
3583 4657
3583 4658
3583 4659
3583 4660
3583 4661
3583 4662
3583 4663
3583 4664
3583 4665
3583 4666
3583 4667
3583 4668
3583 4669
3583 4670
3583 4671
3583 4672
3583 4673
3583 4674
3583 4675
3583 4676
3583 4677
3583 4678
3583 4679
3583 4680
3583 4681
3583 4682
3583 4683
3583 4684
3583 4685
3583 4686
3583 4687
3583 4688
3583 4689
3583 4690
3583 4691
3583 4692
3583 4693
3583 4694
3583 4695
3583 4696
3583 4697
3583 4698
3583 4699
3583 4700
3583 4701
3583 4702
3583 4703
3583 4704
3583 4705
3583 4706
3583 4707
3583 4708
3583 4709
3583 4710
3583 4711
3583 4712
3583 4713
3583 4714
3583 4715
3583 4716
3583 4717
3583 4718
3583 4719
3583 4720
3583 4721
3583 4722
3583 4723
3583 4724
3583 4725
3583 4726
3583 4727
3583 4728
3583 4729
3583 4730
3583 4731
3583 4732
3583 4733
3583 4734
3583 4735
3583 4736
3583 4737
3583 4738
3583 4739
3583 4740
3583 4741
3583 4742
3583 4743
3583 4744
3583 4745
3583 4746
3583 4747
3583 4748
3583 4749
3583 4750
3583 4751
3583 4752
3583 4753
3583 4754
3583 4755
3583 4756
3583 4757
3583 4758
3583 4759
3583 4760
3583 4761
3583 4762
3583 4763
3583 4764
3583 4765
3583 4766
3583 4767
3583 4768
3583 4769
3583 4770
3583 4771
3583 4772
3583 4773
3583 4774
3583 4775
3583 4776
3583 4777
3583 4778
3583 4779
3583 4780
3583 4781
3583 4782
3583 4783
3583 4784
3583 4785
3583 4786
3583 4787
3583 4788
3583 4789
3583 4790
3583 4791
3583 4792
3583 4793
3583 4794
3583 4795
3583 4796
3583 4797
3583 4798
3583 4799
3583 4800
3583 4801
3583 4802
3583 4803
3583 4804
3583 4805
3583 4806
3583 4807
3583 4808
3583 4809
3583 4810
3583 4811
3583 4812
3583 4813
3583 4814
3583 4815
3583 4816
3583 4817
3583 4818
3583 4819
3583 4820
3583 4821
3583 4822
3583 4823
3583 4824
3583 4825
3583 4826
3583 4827
3583 4828
3583 4829
3583 4830
3583 4831
3583 4832
3583 4833
3583 4834
3583 4835
3583 4836
3583 4837
3583 4838
3583 4839
3583 4840
3583 4841
3583 4842
3583 4843
3583 4844
3583 4845
3583 4846
3583 4847
3583 4848
3583 4849
3583 4850
3583 4851
3583 4852
3583 4853
3583 4854
3583 4855
3583 4856
3583 4857
3583 4858
3583 4859
3583 4860
3583 4861
3583 4862
3583 4863
3583 4864
3583 4865
3583 4866
3583 4867
3583 4868
3583 4869
3583 4870
3583 4871
3583 4872
3583 4873
3583 4874
3583 4875
3583 4876
3583 4877
3583 4878
3583 4879
3583 4880
3583 4881
3583 4882
3583 4883
3583 4884
3583 4885
3583 4886
3583 4887
3583 4888
3583 4889
3583 4890
3583 4891
3583 4892
3583 4893
3583 4894
3583 4895
3583 4896
3583 4897
3583 4898
3583 4899
3583 4900
3583 4901
3583 4902
3583 4903
3583 4904
3583 4905
3583 4906
3583 4907
3583 4908
3583 4909
3583 4910
3583 4911
3583 4912
3583 4913
3583 4914
3583 4915
3583 4916
3583 4917
3583 4918
3583 4919
3583 4920
3583 4921
3583 4922
3583 4923
3583 4924
3583 4925
3583 4926
3583 4927
3583 4928
3583 4929
3583 4930
3583 4931
3583 4932
3583 4933
3583 4934
3583 4935
3583 4936
3583 4937
3583 4938
3583 4939
3583 4940
3583 4941
3583 4942
3583 4943
3583 4944
3583 4945
3583 4946
3583 4947
3583 4948
3583 4949
3583 4950
3583 4951
3583 4952
3583 4953
3583 4954
3583 4955
3583 4956
3583 4957
3583 4958
3583 4959
3583 4960
3583 4961
3583 4962
3583 4963
3583 4964
3583 4965
3583 4966
3583 4967
3583 4968
3583 4969
3583 4970
3583 4971
3583 4972
3583 4973
3583 4974
3583 4975
3583 4976
3583 4977
3583 4978
3583 4979
3583 4980
3583 4981
3583 4982
3583 4983
3583 4984
3583 4985
3583 4986
3583 4987
3583 4988
3583 4989
3583 4990
3583 4991
3583 4992
3583 4993
3583 4994
3583 4995
3583 4996
3583 4997
3583 4998
3583 4999
3583 5000
3583 5001
3583 5002
3583 5003
3583 5004
3583 5005
3583 5006
3583 5007
3583 5008
3583 5009
3583 5010
3583 5011
3583 5012
3583 5013
3583 5014
3583 5015
3583 5016
3583 5017
3583 5018
3583 5019
3583 5020
3583 5021
3583 5022
3583 5023
3583 5024
3583 5025
3583 5026
3583 5027
3583 5028
3583 5029
3583 5030
3583 5031
3583 5032
3583 5033
3583 5034
3583 5035
3583 5036
3583 5037
3583 5038
3583 5039
3583 5040
3583 5041
3583 5042
3583 5043
3583 5044
3583 5045
3583 5046
3583 5047
3583 5048
3583 5049
3583 5050
3583 5051
3583 5052
3583 5053
3583 5054
3583 5055
3583 5056
3583 5057
3583 5058
3583 5059
3583 5060
3583 5061
3583 5062
3583 5063
3583 5064
3583 5065
3583 5066
3583 5067
3583 5068
3583 5069
3583 5070
3583 5071
3583 5072
3583 5073
3583 5074
3583 5075
3583 5076
3583 5077
3583 5078
3583 5079
3583 5080
3583 5081
3583 5082
3583 5083
3583 5084
3583 5085
3583 5086
3583 5087
3583 5088
3583 5089
3583 5090
3583 5091
3583 5092
3583 5093
3583 5094
3583 5095
3583 5096
3583 5097
3583 5098
3583 5099
3583 5100
3583 5101
3583 5102
3583 5103
3583 5104
3583 5105
3583 5106
3583 5107
3583 5108
3583 5109
3583 5110
3583 5111
3583 5112
3583 5113
3583 5114
3583 5115
3583 5116
3583 5117
3583 5118
3583 5119
3583 5120
3583 5121
3583 5122
3583 5123
3583 5124
3583 5125
3583 5126
3583 5127
3583 5128
3583 5129
3583 5130
3583 5131
3583 5132
3583 5133
3583 5134
3583 5135
3583 5136
3583 5137
3583 5138
3583 5139
3583 5140
3583 5141
3583 5142
3583 5143
3583 5144
3583 5145
3583 5146
3583 5147
3583 5148
3583 5149
3583 5150
3583 5151
3583 5152
3583 5153
3583 5154
3583 5155
3583 5156
3583 5157
3583 5158
3583 5159
3583 5160
3583 5161
3583 5162
3583 5163
3583 5164
3583 5165
3583 5166
3583 5167
3583 5168
3583 5169
3583 5170
3583 5171
3583 5172
3583 5173
3583 5174
3583 5175
3583 5176
3583 5177
3583 5178
3583 5179
3583 5180
3583 5181
3583 5182
3583 5183
3583 5184
3583 5185
3583 5186
3583 5187
3583 5188
3583 5189
3583 5190
3583 5191
3583 5192
3583 5193
3583 5194
3583 5195
3583 5196
3583 5197
3583 5198
3583 5199
3583 5200
3583 5201
3583 5202
3583 5203
3583 5204
3583 5205
3583 5206
3583 5207
3583 5208
3583 5209
3583 5210
3583 5211
3583 5212
3583 5213
3583 5214
3583 5215
3583 5216
3583 5217
3583 5218
3583 5219
3583 5220
3583 5221
3583 5222
3583 5223
3583 5224
3583 5225
3583 5226
3583 5227
3583 5228
3583 5229
3583 5230
3583 5231
3583 5232
3583 5233
3583 5234
3583 5235
3583 5236
3583 5237
3583 5238
3583 5239
3583 5240
3583 5241
3583 5242
3583 5243
3583 5244
3583 5245
3583 5246
3583 5247
3583 5248
3583 5249
3583 5250
3583 5251
3583 5252
3583 5253
3583 5254
3583 5255
3583 5256
3583 5257
3583 5258
3583 5259
3583 5260
3583 5261
3583 5262
3583 5263
3583 5264
3583 5265
3583 5266
3583 5267
3583 5268
3583 5269
3583 5270
3583 5271
3583 5272
3583 5273
3583 5274
3583 5275
3583 5276
3583 5277
3583 5278
3583 5279
3583 5280
3583 5281
3583 5282
3583 5283
3583 5284
3583 5285
3583 5286
3583 5287
3583 5288
3583 5289
3583 5290
3583 5291
3583 5292
3583 5293
3583 5294
3583 5295
3583 5296
3583 5297
3583 5298
3583 5299
3583 5300
3583 5301
3583 5302
3583 5303
3583 5304
3583 5305
3583 5306
3583 5307
3583 5308
3583 5309
3583 5310
3583 5311
3583 5312
3583 5313
3583 5314
3583 5315
3583 5316
3583 5317
3583 5318
3583 5319
3583 5320
3583 5321
3583 5322
3583 5323
3583 5324
3583 5325
3583 5326
3583 5327
3583 5328
3583 5329
3583 5330
3583 5331
3583 5332
3583 5333
3583 5334
3583 5335
3583 5336
3583 5337
3583 5338
3583 5339
3583 5340
3583 5341
3583 5342
3583 5343
3583 5344
3583 5345
3583 5346
3583 5347
3583 5348
3583 5349
3583 5350
3583 5351
3583 5352
3583 5353
3583 5354
3583 5355
3583 5356
3583 5357
3583 5358
3583 5359
3583 5360
3583 5361
3583 5362
3583 5363
3583 5364
3583 5365
3583 5366
3583 5367
3583 5368
3583 5369
3583 5370
3583 5371
3583 5372
3583 5373
3583 5374
3583 5375
3583 5376
3583 5377
3583 5378
3583 5379
3583 5380
3583 5381
3583 5382
3583 5383
3583 5384
3583 5385
3583 5386
3583 5387
3583 5388
3583 5389
3583 5390
3583 5391
3583 5392
3583 5393
3583 5394
3583 5395
3583 5396
3583 5397
3583 5398
3583 5399
3583 5400
3583 5401
3583 5402
3583 5403
3583 5404
3583 5405
3583 5406
3583 5407
3583 5408
3583 5409
3583 5410
3583 5411
3583 5412
3583 5413
3583 5414
3583 5415
3583 5416
3583 5417
3583 5418
3583 5419
3583 5420
3583 5421
3583 5422
3583 5423
3583 5424
3583 5425
3583 5426
3583 5427
3583 5428
3583 5429
3583 5430
3583 5431
3583 5432
3583 5433
3583 5434
3583 5435
3583 5436
3583 5437
3583 5438
3583 5439
3583 5440
3583 5441
3583 5442
3583 5443
3583 5444
3583 5445
3583 5446
3583 5447
3583 5448
3583 5449
3583 5450
3583 5451
3583 5452
3583 5453
3583 5454
3583 5455
3583 5456
3583 5457
3583 5458
3583 5459
3583 5460
3583 5461
3583 5462
3583 5463
3583 5464
3583 5465
3583 5466
3583 5467
3583 5468
3583 5469
3583 5470
3583 5471
3583 5472
3583 5473
3583 5474
3583 5475
3583 5476
3583 5477
3583 5478
3583 5479
3583 5480
3583 5481
3583 5482
3583 5483
3583 5484
3583 5485
3583 5486
3583 5487
3583 5488
3583 5489
3583 5490
3583 5491
3583 5492
3583 5493
3583 5494
3583 5495
3583 5496
3583 5497
3583 5498
3583 5499
3583 5500
3583 5501
3583 5502
3583 5503
3583 5504
3583 5505
3583 5506
3583 5507
3583 5508
3583 5509
3583 5510
3583 5511
3583 5512
3583 5513
3583 5514
3583 5515
3583 5516
3583 5517
3583 5518
3583 5519
3583 5520
3583 5521
3583 5522
3583 5523
3583 5524
3583 5525
3583 5526
3583 5527
3583 5528
3583 5529
3583 5530
3583 5531
3583 5532
3583 5533
3583 5534
3583 5535
3583 5536
3583 5537
3583 5538
3583 5539
3583 5540
3583 5541
3583 5542
3583 5543
3583 5544
3583 5545
3583 5546
3583 5547
3583 5548
3583 5549
3583 5550
3583 5551
3583 5552
3583 5553
3583 5554
3583 5555
3583 5556
3583 5557
3583 5558
3583 5559
3583 5560
3583 5561
3583 5562
3583 5563
3583 5564
3583 5565
3583 5566
3583 5567
3583 5568
3583 5569
3583 5570
3583 5571
3583 5572
3583 5573
3583 5574
3583 5575
3583 5576
3583 5577
3583 5578
3583 5579
3583 5580
3583 5581
3583 5582
3583 5583
3583 5584
3583 5585
3583 5586
3583 5587
3583 5588
3583 5589
3583 5590
3583 5591
3583 5592
3583 5593
3583 5594
3583 5595
3583 5596
3583 5597
3583 5598
3583 5599
3583 5600
3583 5601
3583 5602
3583 5603
3583 5604
3583 5605
3583 5606
3583 5607
3583 5608
3583 5609
3583 5610
3583 5611
3583 5612
3583 5613
3583 5614
3583 5615
3583 5616
3583 5617
3583 5618
3583 5619
3583 5620
3583 5621
3583 5622
3583 5623
3583 5624
3583 5625
3583 5626
3583 5627
3583 5628
3583 5629
3583 5630
3583 5631
3583 5632
3583 5633
3583 5634
3583 5635
3583 5636
3583 5637
3583 5638
3583 5639
3583 5640
3583 5641
3583 5642
3583 5643
3583 5644
3583 5645
3583 5646
3583 5647
3583 5648
3583 5649
3583 5650
3583 5651
3583 5652
3583 5653
3583 5654
3583 5655
3583 5656
3583 5657
3583 5658
3583 5659
3583 5660
3583 5661
3583 5662
3583 5663
3583 5664
3583 5665
3583 5666
3583 5667
3583 5668
3583 5669
3583 5670
3583 5671
3583 5672
3583 5673
3583 5674
3583 5675
3583 5676
3583 5677
3583 5678
3583 5679
3583 5680
3583 5681
3583 5682
3583 5683
3583 5684
3583 5685
3583 5686
3583 5687
3583 5688
3583 5689
3583 5690
3583 5691
3583 5692
3583 5693
3583 5694
3583 5695
3583 5696
3583 5697
3583 5698
3583 5699
3583 5700
3583 5701
3583 5702
3583 5703
3583 5704
3583 5705
3583 5706
3583 5707
3583 5708
3583 5709
3583 5710
3583 5711
3583 5712
3583 5713
3583 5714
3583 5715
3583 5716
3583 5717
3583 5718
3583 5719
3583 5720
3583 5721
3583 5722
3583 5723
3583 5724
3583 5725
3583 5726
3583 5727
3583 5728
3583 5729
3583 5730
3583 5731
3583 5732
3583 5733
3583 5734
3583 5735
3583 5736
3583 5737
3583 5738
3583 5739
3583 5740
3583 5741
3583 5742
3583 5743
3583 5744
3583 5745
3583 5746
3583 5747
3583 5748
3583 5749
3583 5750
3583 5751
3583 5752
3583 5753
3583 5754
3583 5755
3583 5756
3583 5757
3583 5758
3583 5759
3583 5760
3583 5761
3583 5762
3583 5763
3583 5764
3583 5765
3583 5766
3583 5767
3583 5768
3583 5769
3583 5770
3583 5771
3583 5772
3583 5773
3583 5774
3583 5775
3583 5776
3583 5777
3583 5778
3583 5779
3583 5780
3583 5781
3583 5782
3583 5783
3583 5784
3583 5785
3583 5786
3583 5787
3583 5788
3583 5789
3583 5790
3583 5791
3583 5792
3583 5793
3583 5794
3583 5795
3583 5796
3583 5797
3583 5798
3583 5799
3583 5800
3583 5801
3583 5802
3583 5803
3583 5804
3583 5805
3583 5806
3583 5807
3583 5808
3583 5809
3583 5810
3583 5811
3583 5812
3583 5813
3583 5814
3583 5815
3583 5816
3583 5817
3583 5818
3583 5819
3583 5820
3583 5821
3583 5822
3583 5823
3583 5824
3583 5825
3583 5826
3583 5827
3583 5828
3583 5829
3583 5830
3583 5831
3583 5832
3583 5833
3583 5834
3583 5835
3583 5836
3583 5837
3583 5838
3583 5839
3583 5840
3583 5841
3583 5842
3583 5843
3583 5844
3583 5845
3583 5846
3583 5847
3583 5848
3583 5849
3583 5850
3583 5851
3583 5852
3583 5853
3583 5854
3583 5855
3583 5856
3583 5857
3583 5858
3583 5859
3583 5860
3583 5861
3583 5862
3583 5863
3583 5864
3583 5865
3583 5866
3583 5867
3583 5868
3583 5869
3583 5870
3583 5871
3583 5872
3583 5873
3583 5874
3583 5875
3583 5876
3583 5877
3583 5878
3583 5879
3583 5880
3583 5881
3583 5882
3583 5883
3583 5884
3583 5885
3583 5886
3583 5887
3583 5888
3583 5889
3583 5890
3583 5891
3583 5892
3583 5893
3583 5894
3583 5895
3583 5896
3583 5897
3583 5898
3583 5899
3583 5900
3583 5901
3583 5902
3583 5903
3583 5904
3583 5905
3583 5906
3583 5907
3583 5908
3583 5909
3583 5910
3583 5911
3583 5912
3583 5913
3583 5914
3583 5915
3583 5916
3583 5917
3583 5918
3583 5919
3583 5920
3583 5921
3583 5922
3583 5923
3583 5924
3583 5925
3583 5926
3583 5927
3583 5928
3583 5929
3583 5930
3583 5931
3583 5932
3583 5933
3583 5934
3583 5935
3583 5936
3583 5937
3583 5938
3583 5939
3583 5940
3583 5941
3583 5942
3583 5943
3583 5944
3583 5945
3583 5946
3583 5947
3583 5948
3583 5949
3583 5950
3583 5951
3583 5952
3583 5953
3583 5954
3583 5955
3583 5956
3583 5957
3583 5958
3583 5959
3583 5960
3583 5961
3583 5962
3583 5963
3583 5964
3583 5965
3583 5966
3583 5967
3583 5968
3583 5969
3583 5970
3583 5971
3583 5972
3583 5973
3583 5974
3583 5975
3583 5976
3583 5977
3583 5978
3583 5979
3583 5980
3583 5981
3583 5982
3583 5983
3583 5984
3583 5985
3583 5986
3583 5987
3583 5988
3583 5989
3583 5990
3583 5991
3583 5992
3583 5993
3583 5994
3583 5995
3583 5996
3583 5997
3583 5998
3583 5999
3583 6000
3583 6001
3583 6002
3583 6003
3583 6004
3583 6005
3583 6006
3583 6007
3583 6008
3583 6009
3583 6010
3583 6011
3583 6012
3583 6013
3583 6014
3583 6015
3583 6016
3583 6017
3583 6018
3583 6019
3583 6020
3583 6021
3583 6022
3583 6023
3583 6024
3583 6025
3583 6026
3583 6027
3583 6028
3583 6029
3583 6030
3583 6031
3583 6032
3583 6033
3583 6034
3583 6035
3583 6036
3583 6037
3583 6038
3583 6039
3583 6040
3583 6041
3583 6042
3583 6043
3583 6044
3583 6045
3583 6046
3583 6047
3583 6048
3583 6049
3583 6050
3583 6051
3583 6052
3583 6053
3583 6054
3583 6055
3583 6056
3583 6057
3583 6058
3583 6059
3583 6060
3583 6061
3583 6062
3583 6063
3583 6064
3583 6065
3583 6066
3583 6067
3583 6068
3583 6069
3583 6070
3583 6071
3583 6072
3583 6073
3583 6074
3583 6075
3583 6076
3583 6077
3583 6078
3583 6079
3583 6080
3583 6081
3583 6082
3583 6083
3583 6084
3583 6085
3583 6086
3583 6087
3583 6088
3583 6089
3583 6090
3583 6091
3583 6092
3583 6093
3583 6094
3583 6095
3583 6096
3583 6097
3583 6098
3583 6099
3583 6100
3583 6101
3583 6102
3583 6103
3583 6104
3583 6105
3583 6106
3583 6107
3583 6108
3583 6109
3583 6110
3583 6111
3583 6112
3583 6113
3583 6114
3583 6115
3583 6116
3583 6117
3583 6118
3583 6119
3583 6120
3583 6121
3583 6122
3583 6123
3583 6124
3583 6125
3583 6126
3583 6127
3583 6128
3583 6129
3583 6130
3583 6131
3583 6132
3583 6133
3583 6134
3583 6135
3583 6136
3583 6137
3583 6138
3583 6139
3583 6140
3583 6141
3583 6142
3583 6143
3583 6144
3583 6145
3583 6146
3583 6147
3583 6148
3583 6149
3583 6150
3583 6151
3583 6152
3583 6153
3583 6154
3583 6155
3583 6156
3583 6157
3583 6158
3583 6159
3583 6160
3583 6161
3583 6162
3583 6163
3583 6164
3583 6165
3583 6166
3583 6167
3583 6168
3583 6169
3583 6170
3583 6171
3583 6172
3583 6173
3583 6174
3583 6175
3583 6176
3583 6177
3583 6178
3583 6179
3583 6180
3583 6181
3583 6182
3583 6183
3583 6184
3583 6185
3583 6186
3583 6187
3583 6188
3583 6189
3583 6190
3583 6191
3583 6192
3583 6193
3583 6194
3583 6195
3583 6196
3583 6197
3583 6198
3583 6199
3583 6200
3583 6201
3583 6202
3583 6203
3583 6204
3583 6205
3583 6206
3583 6207
3583 6208
3583 6209
3583 6210
3583 6211
3583 6212
3583 6213
3583 6214
3583 6215
3583 6216
3583 6217
3583 6218
3583 6219
3583 6220
3583 6221
3583 6222
3583 6223
3583 6224
3583 6225
3583 6226
3583 6227
3583 6228
3583 6229
3583 6230
3583 6231
3583 6232
3583 6233
3583 6234
3583 6235
3583 6236
3583 6237
3583 6238
3583 6239
3583 6240
3583 6241
3583 6242
3583 6243
3583 6244
3583 6245
3583 6246
3583 6247
3583 6248
3583 6249
3583 6250
3583 6251
3583 6252
3583 6253
3583 6254
3583 6255
3583 6256
3583 6257
3583 6258
3583 6259
3583 6260
3583 6261
3583 6262
3583 6263
3583 6264
3583 6265
3583 6266
3583 6267
3583 6268
3583 6269
3583 6270
3583 6271
3583 6272
3583 6273
3583 6274
3583 6275
3583 6276
3583 6277
3583 6278
3583 6279
3583 6280
3583 6281
3583 6282
3583 6283
3583 6284
3583 6285
3583 6286
3583 6287
3583 6288
3583 6289
3583 6290
3583 6291
3583 6292
3583 6293
3583 6294
3583 6295
3583 6296
3583 6297
3583 6298
3583 6299
3583 6300
3583 6301
3583 6302
3583 6303
3583 6304
3583 6305
3583 6306
3583 6307
3583 6308
3583 6309
3583 6310
3583 6311
3583 6312
3583 6313
3583 6314
3583 6315
3583 6316
3583 6317
3583 6318
3583 6319
3583 6320
3583 6321
3583 6322
3583 6323
3583 6324
3583 6325
3583 6326
3583 6327
3583 6328
3583 6329
3583 6330
3583 6331
3583 6332
3583 6333
3583 6334
3583 6335
3583 6336
3583 6337
3583 6338
3583 6339
3583 6340
3583 6341
3583 6342
3583 6343
3583 6344
3583 6345
3583 6346
3583 6347
3583 6348
3583 6349
3583 6350
3583 6351
3583 6352
3583 6353
3583 6354
3583 6355
3583 6356
3583 6357
3583 6358
3583 6359
3583 6360
3583 6361
3583 6362
3583 6363
3583 6364
3583 6365
3583 6366
3583 6367
3583 6368
3583 6369
3583 6370
3583 6371
3583 6372
3583 6373
3583 6374
3583 6375
3583 6376
3583 6377
3583 6378
3583 6379
3583 6380
3583 6381
3583 6382
3583 6383
3583 6384
3583 6385
3583 6386
3583 6387
3583 6388
3583 6389
3583 6390
3583 6391
3583 6392
3583 6393
3583 6394
3583 6395
3583 6396
3583 6397
3583 6398
3583 6399
3583 6400
3583 6401
3583 6402
3583 6403
3583 6404
3583 6405
3583 6406
3583 6407
3583 6408
3583 6409
3583 6410
3583 6411
3583 6412
3583 6413
3583 6414
3583 6415
3583 6416
3583 6417
3583 6418
3583 6419
3583 6420
3583 6421
3583 6422
3583 6423
3583 6424
3583 6425
3583 6426
3583 6427
3583 6428
3583 6429
3583 6430
3583 6431
3583 6432
3583 6433
3583 6434
3583 6435
3583 6436
3583 6437
3583 6438
3583 6439
3583 6440
3583 6441
3583 6442
3583 6443
3583 6444
3583 6445
3583 6446
3583 6447
3583 6448
3583 6449
3583 6450
3583 6451
3583 6452
3583 6453
3583 6454
3583 6455
3583 6456
3583 6457
3583 6458
3583 6459
3583 6460
3583 6461
3583 6462
3583 6463
3583 6464
3583 6465
3583 6466
3583 6467
3583 6468
3583 6469
3583 6470
3583 6471
3583 6472
3583 6473
3583 6474
3583 6475
3583 6476
3583 6477
3583 6478
3583 6479
3583 6480
3583 6481
3583 6482
3583 6483
3583 6484
3583 6485
3583 6486
3583 6487
3583 6488
3583 6489
3583 6490
3583 6491
3583 6492
3583 6493
3583 6494
3583 6495
3583 6496
3583 6497
3583 6498
3583 6499
3583 6500
3583 6501
3583 6502
3583 6503
3583 6504
3583 6505
3583 6506
3583 6507
3583 6508
3583 6509
3583 6510
3583 6511
3583 6512
3583 6513
3583 6514
3583 6515
3583 6516
3583 6517
3583 6518
3583 6519
3583 6520
3583 6521
3583 6522
3583 6523
3583 6524
3583 6525
3583 6526
3583 6527
3583 6528
3583 6529
3583 6530
3583 6531
3583 6532
3583 6533
3583 6534
3583 6535
3583 6536
3583 6537
3583 6538
3583 6539
3583 6540
3583 6541
3583 6542
3583 6543
3583 6544
3583 6545
3583 6546
3583 6547
3583 6548
3583 6549
3583 6550
3583 6551
3583 6552
3583 6553
3583 6554
3583 6555
3583 6556
3583 6557
3583 6558
3583 6559
3583 6560
3583 6561
3583 6562
3583 6563
3583 6564
3583 6565
3583 6566
3583 6567
3583 6568
3583 6569
3583 6570
3583 6571
3583 6572
3583 6573
3583 6574
3583 6575
3583 6576
3583 6577
3583 6578
3583 6579
3583 6580
3583 6581
3583 6582
3583 6583
3583 6584
3583 6585
3583 6586
3583 6587
3583 6588
3583 6589
3583 6590
3583 6591
3583 6592
3583 6593
3583 6594
3583 6595
3583 6596
3583 6597
3583 6598
3583 6599
3583 6600
3583 6601
3583 6602
3583 6603
3583 6604
3583 6605
3583 6606
3583 6607
3583 6608
3583 6609
3583 6610
3583 6611
3583 6612
3583 6613
3583 6614
3583 6615
3583 6616
3583 6617
3583 6618
3583 6619
3583 6620
3583 6621
3583 6622
3583 6623
3583 6624
3583 6625
3583 6626
3583 6627
3583 6628
3583 6629
3583 6630
3583 6631
3583 6632
3583 6633
3583 6634
3583 6635
3583 6636
3583 6637
3583 6638
3583 6639
3583 6640
3583 6641
3583 6642
3583 6643
3583 6644
3583 6645
3583 6646
3583 6647
3583 6648
3583 6649
3583 6650
3583 6651
3583 6652
3583 6653
3583 6654
3583 6655
3583 6656
3583 6657
3583 6658
3583 6659
3583 6660
3583 6661
3583 6662
3583 6663
3583 6664
3583 6665
3583 6666
3583 6667
3583 6668
3583 6669
3583 6670
3583 6671
3583 6672
3583 6673
3583 6674
3583 6675
3583 6676
3583 6677
3583 6678
3583 6679
3583 6680
3583 6681
3583 6682
3583 6683
3583 6684
3583 6685
3583 6686
3583 6687
3583 6688
3583 6689
3583 6690
3583 6691
3583 6692
3583 6693
3583 6694
3583 6695
3583 6696
3583 6697
3583 6698
3583 6699
3583 6700
3583 6701
3583 6702
3583 6703
3583 6704
3583 6705
3583 6706
3583 6707
3583 6708
3583 6709
3583 6710
3583 6711
3583 6712
3583 6713
3583 6714
3583 6715
3583 6716
3583 6717
3583 6718
3583 6719
3583 6720
3583 6721
3583 6722
3583 6723
3583 6724
3583 6725
3583 6726
3583 6727
3583 6728
3583 6729
3583 6730
3583 6731
3583 6732
3583 6733
3583 6734
3583 6735
3583 6736
3583 6737
3583 6738
3583 6739
3583 6740
3583 6741
3583 6742
3583 6743
3583 6744
3583 6745
3583 6746
3583 6747
3583 6748
3583 6749
3583 6750
3583 6751
3583 6752
3583 6753
3583 6754
3583 6755
3583 6756
3583 6757
3583 6758
3583 6759
3583 6760
3583 6761
3583 6762
3583 6763
3583 6764
3583 6765
3583 6766
3583 6767
3583 6768
3583 6769
3583 6770
3583 6771
3583 6772
3583 6773
3583 6774
3583 6775
3583 6776
3583 6777
3583 6778
3583 6779
3583 6780
3583 6781
3583 6782
3583 6783
3583 6784
3583 6785
3583 6786
3583 6787
3583 6788
3583 6789
3583 6790
3583 6791
3583 6792
3583 6793
3583 6794
3583 6795
3583 6796
3583 6797
3583 6798
3583 6799
3583 6800
3583 6801
3583 6802
3583 6803
3583 6804
3583 6805
3583 6806
3583 6807
3583 6808
3583 6809
3583 6810
3583 6811
3583 6812
3583 6813
3583 6814
3583 6815
3583 6816
3583 6817
3583 6818
3583 6819
3583 6820
3583 6821
3583 6822
3583 6823
3583 6824
3583 6825
3583 6826
3583 6827
3583 6828
3583 6829
3583 6830
3583 6831
3583 6832
3583 6833
3583 6834
3583 6835
3583 6836
3583 6837
3583 6838
3583 6839
3583 6840
3583 6841
3583 6842
3583 6843
3583 6844
3583 6845
3583 6846
3583 6847
3583 6848
3583 6849
3583 6850
3583 6851
3583 6852
3583 6853
3583 6854
3583 6855
3583 6856
3583 6857
3583 6858
3583 6859
3583 6860
3583 6861
3583 6862
3583 6863
3583 6864
3583 6865
3583 6866
3583 6867
3583 6868
3583 6869
3583 6870
3583 6871
3583 6872
3583 6873
3583 6874
3583 6875
3583 6876
3583 6877
3583 6878
3583 6879
3583 6880
3583 6881
3583 6882
3583 6883
3583 6884
3583 6885
3583 6886
3583 6887
3583 6888
3583 6889
3583 6890
3583 6891
3583 6892
3583 6893
3583 6894
3583 6895
3583 6896
3583 6897
3583 6898
3583 6899
3583 6900
3583 6901
3583 6902
3583 6903
3583 6904
3583 6905
3583 6906
3583 6907
3583 6908
3583 6909
3583 6910
3583 6911
3583 6912
3583 6913
3583 6914
3583 6915
3583 6916
3583 6917
3583 6918
3583 6919
3583 6920
3583 6921
3583 6922
3583 6923
3583 6924
3583 6925
3583 6926
3583 6927
3583 6928
3583 6929
3583 6930
3583 6931
3583 6932
3583 6933
3583 6934
3583 6935
3583 6936
3583 6937
3583 6938
3583 6939
3583 6940
3583 6941
3583 6942
3583 6943
3583 6944
3583 6945
3583 6946
3583 6947
3583 6948
3583 6949
3583 6950
3583 6951
3583 6952
3583 6953
3583 6954
3583 6955
3583 6956
3583 6957
3583 6958
3583 6959
3583 6960
3583 6961
3583 6962
3583 6963
3583 6964
3583 6965
3583 6966
3583 6967
3583 6968
3583 6969
3583 6970
3583 6971
3583 6972
3583 6973
3583 6974
3583 6975
3583 6976
3583 6977
3583 6978
3583 6979
3583 6980
3583 6981
3583 6982
3583 6983
3583 6984
3583 6985
3583 6986
3583 6987
3583 6988
3583 6989
3583 6990
3583 6991
3583 6992
3583 6993
3583 6994
3583 6995
3583 6996
3583 6997
3583 6998
3583 6999
3583 7000
3583 7001
3583 7002
3583 7003
3583 7004
3583 7005
3583 7006
3583 7007
3583 7008
3583 7009
3583 7010
3583 7011
3583 7012
3583 7013
3583 7014
3583 7015
3583 7016
3583 7017
3583 7018
3583 7019
3583 7020
3583 7021
3583 7022
3583 7023
3583 7024
3583 7025
3583 7026
3583 7027
3583 7028
3583 7029
3583 7030
3583 7031
3583 7032
3583 7033
3583 7034
3583 7035
3583 7036
3583 7037
3583 7038
3583 7039
3583 7040
3583 7041
3583 7042
3583 7043
3583 7044
3583 7045
3583 7046
3583 7047
3583 7048
3583 7049
3583 7050
3583 7051
3583 7052
3583 7053
3583 7054
3583 7055
3583 7056
3583 7057
3583 7058
3583 7059
3583 7060
3583 7061
3583 7062
3583 7063
3583 7064
3583 7065
3583 7066
3583 7067
3583 7068
3583 7069
3583 7070
3583 7071
3583 7072
3583 7073
3583 7074
3583 7075
3583 7076
3583 7077
3583 7078
3583 7079
3583 7080
3583 7081
3583 7082
3583 7083
3583 7084
3583 7085
3583 7086
3583 7087
3583 7088
3583 7089
3583 7090
3583 7091
3583 7092
3583 7093
3583 7094
3583 7095
3583 7096
3583 7097
3583 7098
3583 7099
3583 7100
3583 7101
3583 7102
3583 7103
3583 7104
3583 7105
3583 7106
3583 7107
3583 7108
3583 7109
3583 7110
3583 7111
3583 7112
3583 7113
3583 7114
3583 7115
3583 7116
3583 7117
3583 7118
3583 7119
3583 7120
3583 7121
3583 7122
3583 7123
3583 7124
3583 7125
3583 7126
3583 7127
3583 7128
3583 7129
3583 7130
3583 7131
3583 7132
3583 7133
3583 7134
3583 7135
3583 7136
3583 7137
3583 7138
3583 7139
3583 7140
3583 7141
3583 7142
3583 7143
3583 7144
3583 7145
3583 7146
3583 7147
3583 7148
3583 7149
3583 7150
3583 7151
3583 7152
3583 7153
3583 7154
3583 7155
3583 7156
3583 7157
3583 7158
3583 7159
3583 7160
3583 7161
3583 7162
3583 7163
3583 7164
3583 7165
3583 7166
3583 7167
3583 7168
3583 7169
3583 7170
3583 7171
3583 7172
3583 7173
3583 7174
3583 7175
3583 7176
3583 7177
3583 7178
3583 7179
3583 7180
3583 7181
3583 7182
3583 7183
3583 7184
3583 7185
3583 7186
3583 7187
3583 7188
3583 7189
3583 7190
3583 7191
3583 7192
3583 7193
3583 7194
3583 7195
3583 7196
3583 7197
3583 7198
3583 7199
3583 7200
3583 7201
3583 7202
3583 7203
3583 7204
3583 7205
3583 7206
3583 7207
3583 7208
3583 7209
3583 7210
3583 7211
3583 7212
3583 7213
3583 7214
3583 7215
3583 7216
3583 7217
3583 7218
3583 7219
3583 7220
3583 7221
3583 7222
3583 7223
3583 7224
3583 7225
3583 7226
3583 7227
3583 7228
3583 7229
3583 7230
3583 7231
3583 7232
3583 7233
3583 7234
3583 7235
3583 7236
3583 7237
3583 7238
3583 7239
3583 7240
3583 7241
3583 7242
3583 7243
3583 7244
3583 7245
3583 7246
3583 7247
3583 7248
3583 7249
3583 7250
3583 7251
3583 7252
3583 7253
3583 7254
3583 7255
3583 7256
3583 7257
3583 7258
3583 7259
3583 7260
3583 7261
3583 7262
3583 7263
3583 7264
3583 7265
3583 7266
3583 7267
3583 7268
3583 7269
3583 7270
3583 7271
3583 7272
3583 7273
3583 7274
3583 7275
3583 7276
3583 7277
3583 7278
3583 7279
3583 7280
3583 7281
3583 7282
3583 7283
3583 7284
3583 7285
3583 7286
3583 7287
3583 7288
3583 7289
3583 7290
3583 7291
3583 7292
3583 7293
3583 7294
3583 7295
3583 7296
3583 7297
3583 7298
3583 7299
3583 7300
3583 7301
3583 7302
3583 7303
3583 7304
3583 7305
3583 7306
3583 7307
3583 7308
3583 7309
3583 7310
3583 7311
3583 7312
3583 7313
3583 7314
3583 7315
3583 7316
3583 7317
3583 7318
3583 7319
3583 7320
3583 7321
3583 7322
3583 7323
3583 7324
3583 7325
3583 7326
3583 7327
3583 7328
3583 7329
3583 7330
3583 7331
3583 7332
3583 7333
3583 7334
3583 7335
3583 7336
3583 7337
3583 7338
3583 7339
3583 7340
3583 7341
3583 7342
3583 7343
3583 7344
3583 7345
3583 7346
3583 7347
3583 7348
3583 7349
3583 7350
3583 7351
3583 7352
3583 7353
3583 7354
3583 7355
3583 7356
3583 7357
3583 7358
3583 7359
3583 7360
3583 7361
3583 7362
3583 7363
3583 7364
3583 7365
3583 7366
3583 7367
3583 7368
3583 7369
3583 7370
3583 7371
3583 7372
3583 7373
3583 7374
3583 7375
3583 7376
3583 7377
3583 7378
3583 7379
3583 7380
3583 7381
3583 7382
3583 7383
3583 7384
3583 7385
3583 7386
3583 7387
3583 7388
3583 7389
3583 7390
3583 7391
3583 7392
3583 7393
3583 7394
3583 7395
3583 7396
3583 7397
3583 7398
3583 7399
3583 7400
3583 7401
3583 7402
3583 7403
3583 7404
3583 7405
3583 7406
3583 7407
3583 7408
3583 7409
3583 7410
3583 7411
3583 7412
3583 7413
3583 7414
3583 7415
3583 7416
3583 7417
3583 7418
3583 7419
3583 7420
3583 7421
3583 7422
3583 7423
3583 7424
3583 7425
3583 7426
3583 7427
3583 7428
3583 7429
3583 7430
3583 7431
3583 7432
3583 7433
3583 7434
3583 7435
3583 7436
3583 7437
3583 7438
3583 7439
3583 7440
3583 7441
3583 7442
3583 7443
3583 7444
3583 7445
3583 7446
3583 7447
3583 7448
3583 7449
3583 7450
3583 7451
3583 7452
3583 7453
3583 7454
3583 7455
3583 7456
3583 7457
3583 7458
3583 7459
3583 7460
3583 7461
3583 7462
3583 7463
3583 7464
3583 7465
3583 7466
3583 7467
3583 7468
3583 7469
3583 7470
3583 7471
3583 7472
3583 7473
3583 7474
3583 7475
3583 7476
3583 7477
3583 7478
3583 7479
3583 7480
3583 7481
3583 7482
3583 7483
3583 7484
3583 7485
3583 7486
3583 7487
3583 7488
3583 7489
3583 7490
3583 7491
3583 7492
3583 7493
3583 7494
3583 7495
3583 7496
3583 7497
3583 7498
3583 7499
3583 7500
3583 7501
3583 7502
3583 7503
3583 7504
3583 7505
3583 7506
3583 7507
3583 7508
3583 7509
3583 7510
3583 7511
3583 7512
3583 7513
3583 7514
3583 7515
3583 7516
3583 7517
3583 7518
3583 7519
3583 7520
3583 7521
3583 7522
3583 7523
3583 7524
3583 7525
3583 7526
3583 7527
3583 7528
3583 7529
3583 7530
3583 7531
3583 7532
3583 7533
3583 7534
3583 7535
3583 7536
3583 7537
3583 7538
3583 7539
3583 7540
3583 7541
3583 7542
3583 7543
3583 7544
3583 7545
3583 7546
3583 7547
3583 7548
3583 7549
3583 7550
3583 7551
3583 7552
3583 7553
3583 7554
3583 7555
3583 7556
3583 7557
3583 7558
3583 7559
3583 7560
3583 7561
3583 7562
3583 7563
3583 7564
3583 7565
3583 7566
3583 7567
3583 7568
3583 7569
3583 7570
3583 7571
3583 7572
3583 7573
3583 7574
3583 7575
3583 7576
3583 7577
3583 7578
3583 7579
3583 7580
3583 7581
3583 7582
3583 7583
3583 7584
3583 7585
3583 7586
3583 7587
3583 7588
3583 7589
3583 7590
3583 7591
3583 7592
3583 7593
3583 7594
3583 7595
3583 7596
3583 7597
3583 7598
3583 7599
3583 7600
3583 7601
3583 7602
3583 7603
3583 7604
3583 7605
3583 7606
3583 7607
3583 7608
3583 7609
3583 7610
3583 7611
3583 7612
3583 7613
3583 7614
3583 7615
3583 7616
3583 7617
3583 7618
3583 7619
3583 7620
3583 7621
3583 7622
3583 7623
3583 7624
3583 7625
3583 7626
3583 7627
3583 7628
3583 7629
3583 7630
3583 7631
3583 7632
3583 7633
3583 7634
3583 7635
3583 7636
3583 7637
3583 7638
3583 7639
3583 7640
3583 7641
3583 7642
3583 7643
3583 7644
3583 7645
3583 7646
3583 7647
3583 7648
3583 7649
3583 7650
3583 7651
3583 7652
3583 7653
3583 7654
3583 7655
3583 7656
3583 7657
3583 7658
3583 7659
3583 7660
3583 7661
3583 7662
3583 7663
3583 7664
3583 7665
3583 7666
3583 7667
3583 7668
3583 7669
3583 7670
3583 7671
3583 7672
3583 7673
3583 7674
3583 7675
3583 7676
3583 7677
3583 7678
3583 7679
3583 7680
3583 7681
3583 7682
3583 7683
3583 7684
3583 7685
3583 7686
3583 7687
3583 7688
3583 7689
3583 7690
3583 7691
3583 7692
3583 7693
3583 7694
3583 7695
3583 7696
3583 7697
3583 7698
3583 7699
3583 7700
3583 7701
3583 7702
3583 7703
3583 7704
3583 7705
3583 7706
3583 7707
3583 7708
3583 7709
3583 7710
3583 7711
3583 7712
3583 7713
3583 7714
3583 7715
3583 7716
3583 7717
3583 7718
3583 7719
3583 7720
3583 7721
3583 7722
3583 7723
3583 7724
3583 7725
3583 7726
3583 7727
3583 7728
3583 7729
3583 7730
3583 7731
3583 7732
3583 7733
3583 7734
3583 7735
3583 7736
3583 7737
3583 7738
3583 7739
3583 7740
3583 7741
3583 7742
3583 7743
3583 7744
3583 7745
3583 7746
3583 7747
3583 7748
3583 7749
3583 7750
3583 7751
3583 7752
3583 7753
3583 7754
3583 7755
3583 7756
3583 7757
3583 7758
3583 7759
3583 7760
3583 7761
3583 7762
3583 7763
3583 7764
3583 7765
3583 7766
3583 7767
3583 7768
3583 7769
3583 7770
3583 7771
3583 7772
3583 7773
3583 7774
3583 7775
3583 7776
3583 7777
3583 7778
3583 7779
3583 7780
3583 7781
3583 7782
3583 7783
3583 7784
3583 7785
3583 7786
3583 7787
3583 7788
3583 7789
3583 7790
3583 7791
3583 7792
3583 7793
3583 7794
3583 7795
3583 7796
3583 7797
3583 7798
3583 7799
3583 7800
3583 7801
3583 7802
3583 7803
3583 7804
3583 7805
3583 7806
3583 7807
3583 7808
3583 7809
3583 7810
3583 7811
3583 7812
3583 7813
3583 7814
3583 7815
3583 7816
3583 7817
3583 7818
3583 7819
3583 7820
3583 7821
3583 7822
3583 7823
3583 7824
3583 7825
3583 7826
3583 7827
3583 7828
3583 7829
3583 7830
3583 7831
3583 7832
3583 7833
3583 7834
3583 7835
3583 7836
3583 7837
3583 7838
3583 7839
3583 7840
3583 7841
3583 7842
3583 7843
3583 7844
3583 7845
3583 7846
3583 7847
3583 7848
3583 7849
3583 7850
3583 7851
3583 7852
3583 7853
3583 7854
3583 7855
3583 7856
3583 7857
3583 7858
3583 7859
3583 7860
3583 7861
3583 7862
3583 7863
3583 7864
3583 7865
3583 7866
3583 7867
3583 7868
3583 7869
3583 7870
3583 7871
3583 7872
3583 7873
3583 7874
3583 7875
3583 7876
3583 7877
3583 7878
3583 7879
3583 7880
3583 7881
3583 7882
3583 7883
3583 7884
3583 7885
3583 7886
3583 7887
3583 7888
3583 7889
3583 7890
3583 7891
3583 7892
3583 7893
3583 7894
3583 7895
3583 7896
3583 7897
3583 7898
3583 7899
3583 7900
3583 7901
3583 7902
3583 7903
3583 7904
3583 7905
3583 7906
3583 7907
3583 7908
3583 7909
3583 7910
3583 7911
3583 7912
3583 7913
3583 7914
3583 7915
3583 7916
3583 7917
3583 7918
3583 7919
3583 7920
3583 7921
3583 7922
3583 7923
3583 7924
3583 7925
3583 7926
3583 7927
3583 7928
3583 7929
3583 7930
3583 7931
3583 7932
3583 7933
3583 7934
3583 7935
3583 7936
3583 7937
3583 7938
3583 7939
3583 7940
3583 7941
3583 7942
3583 7943
3583 7944
3583 7945
3583 7946
3583 7947
3583 7948
3583 7949
3583 7950
3583 7951
3583 7952
3583 7953
3583 7954
3583 7955
3583 7956
3583 7957
3583 7958
3583 7959
3583 7960
3583 7961
3583 7962
3583 7963
3583 7964
3583 7965
3583 7966
3583 7967
3583 7968
3583 7969
3583 7970
3583 7971
3583 7972
3583 7973
3583 7974
3583 7975
3583 7976
3583 7977
3583 7978
3583 7979
3583 7980
3583 7981
3583 7982
3583 7983
3583 7984
3583 7985
3583 7986
3583 7987
3583 7988
3583 7989
3583 7990
3583 7991
3583 7992
3583 7993
3583 7994
3583 7995
3583 7996
3583 7997
3583 7998
3583 7999
3583 8000
3583 8001
3583 8002
3583 8003
3583 8004
3583 8005
3583 8006
3583 8007
3583 8008
3583 8009
3583 8010
3583 8011
3583 8012
3583 8013
3583 8014
3583 8015
3583 8016
3583 8017
3583 8018
3583 8019
3583 8020
3583 8021
3583 8022
3583 8023
3583 8024
3583 8025
3583 8026
3583 8027
3583 8028
3583 8029
3583 8030
3583 8031
3583 8032
3583 8033
3583 8034
3583 8035
3583 8036
3583 8037
3583 8038
3583 8039
3583 8040
3583 8041
3583 8042
3583 8043
3583 8044
3583 8045
3583 8046
3583 8047
3583 8048
3583 8049
3583 8050
3583 8051
3583 8052
3583 8053
3583 8054
3583 8055
3583 8056
3583 8057
3583 8058
3583 8059
3583 8060
3583 8061
3583 8062
3583 8063
3583 8064
3583 8065
3583 8066
3583 8067
3583 8068
3583 8069
3583 8070
3583 8071
3583 8072
3583 8073
3583 8074
3583 8075
3583 8076
3583 8077
3583 8078
3583 8079
3583 8080
3583 8081
3583 8082
3583 8083
3583 8084
3583 8085
3583 8086
3583 8087
3583 8088
3583 8089
3583 8090
3583 8091
3583 8092
3583 8093
3583 8094
3583 8095
3583 8096
3583 8097
3583 8098
3583 8099
3583 8100
3583 8101
3583 8102
3583 8103
3583 8104
3583 8105
3583 8106
3583 8107
3583 8108
3583 8109
3583 8110
3583 8111
3583 8112
3583 8113
3583 8114
3583 8115
3583 8116
3583 8117
3583 8118
3583 8119
3583 8120
3583 8121
3583 8122
3583 8123
3583 8124
3583 8125
3583 8126
3583 8127
3583 8128
3583 8129
3583 8130
3583 8131
3583 8132
3583 8133
3583 8134
3583 8135
3583 8136
3583 8137
3583 8138
3583 8139
3583 8140
3583 8141
3583 8142
3583 8143
3583 8144
3583 8145
3583 8146
3583 8147
3583 8148
3583 8149
3583 8150
3583 8151
3583 8152
3583 8153
3583 8154
3583 8155
3583 8156
3583 8157
3583 8158
3583 8159
3583 8160
3583 8161
3583 8162
3583 8163
3583 8164
3583 8165
3583 8166
3583 8167
3583 8168
3583 8169
3583 8170
3583 8171
3583 8172
3583 8173
3583 8174
3583 8175
3583 8176
3583 8177
3583 8178
3583 8179
3583 8180
3583 8181
3583 8182
3583 8183
3583 8184
3583 8185
3583 8186
3583 8187
3583 8188
3583 8189
3583 8190
3583 8191
3583 8192
3583 8193
3583 8194
3583 8195
3583 8196
3583 8197
3583 8198
3583 8199
3583 8200
3583 8201
3583 8202
3583 8203
3583 8204
3583 8205
3583 8206
3583 8207
3583 8208
3583 8209
3583 8210
3583 8211
3583 8212
3583 8213
3583 8214
3583 8215
3583 8216
3583 8217
3583 8218
3583 8219
3583 8220
3583 8221
3583 8222
3583 8223
3583 8224
3583 8225
3583 8226
3583 8227
3583 8228
3583 8229
3583 8230
3583 8231
3583 8232
3583 8233
3583 8234
3583 8235
3583 8236
3583 8237
3583 8238
3583 8239
3583 8240
3583 8241
3583 8242
3583 8243
3583 8244
3583 8245
3583 8246
3583 8247
3583 8248
3583 8249
3583 8250
3583 8251
3583 8252
3583 8253
3583 8254
3583 8255
3583 8256
3583 8257
3583 8258
3583 8259
3583 8260
3583 8261
3583 8262
3583 8263
3583 8264
3583 8265
3583 8266
3583 8267
3583 8268
3583 8269
3583 8270
3583 8271
3583 8272
3583 8273
3583 8274
3583 8275
3583 8276
3583 8277
3583 8278
3583 8279
3583 8280
3583 8281
3583 8282
3583 8283
3583 8284
3583 8285
3583 8286
3583 8287
3583 8288
3583 8289
3583 8290
3583 8291
3583 8292
3583 8293
3583 8294
3583 8295
3583 8296
3583 8297
3583 8298
3583 8299
3583 8300
3583 8301
3583 8302
3583 8303
3583 8304
3583 8305
3583 8306
3583 8307
3583 8308
3583 8309
3583 8310
3583 8311
3583 8312
3583 8313
3583 8314
3583 8315
3583 8316
3583 8317
3583 8318
3583 8319
3583 8320
3583 8321
3583 8322
3583 8323
3583 8324
3583 8325
3583 8326
3583 8327
3583 8328
3583 8329
3583 8330
3583 8331
3583 8332
3583 8333
3583 8334
3583 8335
3583 8336
3583 8337
3583 8338
3583 8339
3583 8340
3583 8341
3583 8342
3583 8343
3583 8344
3583 8345
3583 8346
3583 8347
3583 8348
3583 8349
3583 8350
3583 8351
3583 8352
3583 8353
3583 8354
3583 8355
3583 8356
3583 8357
3583 8358
3583 8359
3583 8360
3583 8361
3583 8362
3583 8363
3583 8364
3583 8365
3583 8366
3583 8367
3583 8368
3583 8369
3583 8370
3583 8371
3583 8372
3583 8373
3583 8374
3583 8375
3583 8376
3583 8377
3583 8378
3583 8379
3583 8380
3583 8381
3583 8382
3583 8383
3583 8384
3583 8385
3583 8386
3583 8387
3583 8388
3583 8389
3583 8390
3583 8391
3583 8392
3583 8393
3583 8394
3583 8395
3583 8396
3583 8397
3583 8398
3583 8399
3583 8400
3583 8401
3583 8402
3583 8403
3583 8404
3583 8405
3583 8406
3583 8407
3583 8408
3583 8409
3583 8410
3583 8411
3583 8412
3583 8413
3583 8414
3583 8415
3583 8416
3583 8417
3583 8418
3583 8419
3583 8420
3583 8421
3583 8422
3583 8423
3583 8424
3583 8425
3583 8426
3583 8427
3583 8428
3583 8429
3583 8430
3583 8431
3583 8432
3583 8433
3583 8434
3583 8435
3583 8436
3583 8437
3583 8438
3583 8439
3583 8440
3583 8441
3583 8442
3583 8443
3583 8444
3583 8445
3583 8446
3583 8447
3583 8448
3583 8449
3583 8450
3583 8451
3583 8452
3583 8453
3583 8454
3583 8455
3583 8456
3583 8457
3583 8458
3583 8459
3583 8460
3583 8461
3583 8462
3583 8463
3583 8464
3583 8465
3583 8466
3583 8467
3583 8468
3583 8469
3583 8470
3583 8471
3583 8472
3583 8473
3583 8474
3583 8475
3583 8476
3583 8477
3583 8478
3583 8479
3583 8480
3583 8481
3583 8482
3583 8483
3583 8484
3583 8485
3583 8486
3583 8487
3583 8488
3583 8489
3583 8490
3583 8491
3583 8492
3583 8493
3583 8494
3583 8495
3583 8496
3583 8497
3583 8498
3583 8499
3583 8500
3583 8501
3583 8502
3583 8503
3583 8504
3583 8505
3583 8506
3583 8507
3583 8508
3583 8509
3583 8510
3583 8511
3583 8512
3583 8513
3583 8514
3583 8515
3583 8516
3583 8517
3583 8518
3583 8519
3583 8520
3583 8521
3583 8522
3583 8523
3583 8524
3583 8525
3583 8526
3583 8527
3583 8528
3583 8529
3583 8530
3583 8531
3583 8532
3583 8533
3583 8534
3583 8535
3583 8536
3583 8537
3583 8538
3583 8539
3583 8540
3583 8541
3583 8542
3583 8543
3583 8544
3583 8545
3583 8546
3583 8547
3583 8548
3583 8549
3583 8550
3583 8551
3583 8552
3583 8553
3583 8554
3583 8555
3583 8556
3583 8557
3583 8558
3583 8559
3583 8560
3583 8561
3583 8562
3583 8563
3583 8564
3583 8565
3583 8566
3583 8567
3583 8568
3583 8569
3583 8570
3583 8571
3583 8572
3583 8573
3583 8574
3583 8575
3583 8576
3583 8577
3583 8578
3583 8579
3583 8580
3583 8581
3583 8582
