#379 584 False
1 2
1 3
1 4
1 5
1 6
1 7
1 8
1 9
1 10
1 11
1 12
1 13
1 14
1 15
1 16
1 17
1 18
1 19
1 20
1 21
1 22
1 23
1 24
1 25
1 26
1 27
1 28
1 29
1 30
1 31
31 3
31 4
31 5
31 9
31 12
31 13
31 14
31 15
31 17
31 20
31 22
31 25
31 26
31 29
31 32
31 33
31 34
31 35
31 36
31 37
31 38
31 39
31 40
31 41
31 42
31 43
31 44
31 45
31 46
31 47
31 48
31 49
31 50
31 51
31 52
31 53
31 54
31 55
31 56
31 57
31 58
31 59
31 60
31 61
31 62
31 63
31 64
31 65
31 66
31 67
31 68
31 69
31 70
31 71
47 4
47 5
47 13
47 14
47 15
47 19
47 20
47 26
47 29
47 45
47 53
47 56
47 60
47 65
47 66
47 67
47 68
47 71
47 72
47 73
47 74
47 75
47 76
47 77
47 78
47 79
47 80
47 81
47 82
47 83
47 84
47 85
47 86
47 87
47 88
47 89
47 90
47 91
47 92
47 93
47 94
47 95
47 96
47 97
47 98
47 99
47 100
47 101
47 102
47 103
47 104
47 105
47 106
47 107
47 108
47 109
47 110
47 111
47 112
47 113
47 114
47 115
47 116
47 117
47 118
47 119
47 120
47 121
47 122
47 123
47 124
47 125
47 126
47 127
47 128
47 129
47 130
105 5
105 15
105 18
105 20
105 34
105 35
105 38
105 45
105 67
105 78
105 79
105 99
105 104
105 109
105 130
105 131
105 132
105 133
105 134
105 135
105 136
105 137
105 138
105 139
105 140
105 141
105 142
105 143
105 144
105 145
105 146
105 147
105 148
105 149
105 150
105 151
105 152
105 153
105 154
105 155
105 156
105 157
105 158
105 159
105 160
105 161
8 4
8 5
8 9
8 13
8 15
8 18
8 20
8 26
8 29
8 45
8 51
8 55
8 56
8 57
8 61
8 65
8 71
8 75
8 77
8 78
8 79
8 89
8 90
8 91
8 96
8 97
8 98
8 104
8 107
8 109
8 120
8 123
8 130
8 139
8 142
8 148
8 149
8 162
8 163
8 164
8 165
8 166
8 167
8 168
8 169
8 170
8 171
8 172
8 173
8 174
8 175
8 176
8 177
8 178
8 179
8 180
8 181
8 182
8 183
8 184
8 185
8 186
8 187
8 188
8 189
8 190
8 191
8 192
8 193
8 194
8 195
8 196
8 197
8 198
8 199
8 200
10 201
10 202
10 203
10 204
10 205
10 206
10 207
10 208
10 209
10 210
10 211
10 212
10 213
10 214
10 215
10 216
10 217
10 218
165 15
165 18
165 29
165 34
165 35
165 55
165 104
165 130
165 132
165 135
165 136
165 139
165 142
165 145
165 149
165 153
165 154
165 159
165 161
165 163
165 164
165 169
165 173
165 191
165 192
165 194
165 195
165 219
165 220
165 221
165 222
165 223
165 224
165 225
165 226
165 227
165 228
165 229
165 230
165 231
165 232
165 233
165 234
165 235
165 236
165 237
165 238
165 239
165 240
165 241
165 242
165 243
165 244
165 245
165 246
165 247
165 248
165 249
165 250
165 251
165 252
165 253
165 254
165 255
165 256
165 257
165 258
165 259
165 260
165 261
165 262
165 263
165 264
165 265
165 266
165 267
165 268
165 269
165 270
165 271
165 272
165 273
234 35
234 132
234 136
234 142
234 153
234 154
234 157
234 160
234 161
234 170
234 173
234 186
234 191
234 194
234 236
234 240
234 243
234 244
234 246
234 249
234 253
234 265
234 267
234 268
234 272
234 274
234 275
234 276
234 277
234 278
234 279
234 280
234 281
234 282
234 283
234 284
234 285
234 286
234 287
234 288
234 289
234 290
234 291
234 292
234 293
234 294
234 295
234 296
234 297
234 298
12 3
12 4
12 5
12 9
12 13
12 14
12 15
12 17
12 19
12 20
12 22
12 25
12 26
12 29
12 30
12 35
12 37
12 38
12 39
12 41
12 42
12 45
12 51
12 52
12 53
12 55
12 57
12 60
12 61
12 64
12 65
12 66
12 67
12 68
12 71
12 73
12 76
12 77
12 78
12 81
12 83
12 85
12 87
12 89
12 90
12 97
12 98
12 103
12 104
12 107
12 108
12 109
12 116
12 120
12 123
12 124
12 126
12 127
12 149
12 168
12 169
12 175
12 177
12 184
12 186
12 189
12 197
12 222
12 242
12 253
12 272
12 299
12 300
12 301
12 302
12 303
12 304
12 305
12 306
12 307
12 308
12 309
12 310
12 311
12 312
12 313
12 314
12 315
12 316
12 317
12 318
12 319
12 320
12 321
12 322
12 323
12 324
12 325
12 326
12 327
12 328
12 329
12 330
12 331
12 332
12 333
12 334
12 335
12 336
12 337
12 338
12 339
12 340
12 341
12 342
12 343
12 344
12 345
12 346
12 347
12 348
12 349
12 350
12 351
12 352
12 353
12 354
12 355
12 356
12 357
12 358
12 359
12 360
12 361
12 362
12 363
12 364
12 365
12 366
12 367
12 368
12 369
12 370
12 371
12 372
12 373
12 374
12 375
12 376
12 377
12 378
