#1473 1732 False
1 2
1 3
1 4
1 5
1 6
1 7
1 8
1 9
1 10
1 11
1 12
1 13
1 14
1 15
1 16
1 17
1 18
1 19
1 20
1 21
1 22
1 23
1 24
1 25
1 26
1 27
1 28
1 29
1 30
1 31
31 3
31 4
31 5
31 9
31 12
31 13
31 14
31 15
31 17
31 20
31 22
31 25
31 26
31 29
31 32
31 33
31 34
31 35
31 36
31 37
31 38
31 39
31 40
31 41
31 42
31 43
31 44
31 45
31 46
31 47
31 48
31 49
31 50
31 51
31 52
31 53
31 54
31 55
31 56
31 57
31 58
31 59
31 60
31 61
31 62
31 63
31 64
31 65
31 66
31 67
31 68
31 69
31 70
31 71
47 4
47 5
47 13
47 14
47 15
47 19
47 20
47 26
47 29
47 45
47 53
47 56
47 60
47 65
47 66
47 67
47 68
47 71
47 72
47 73
47 74
47 75
47 76
47 77
47 78
47 79
47 80
47 81
47 82
47 83
47 84
47 85
47 86
47 87
47 88
47 89
47 90
47 91
47 92
47 93
47 94
47 95
47 96
47 97
47 98
47 99
47 100
47 101
47 102
47 103
47 104
47 105
47 106
47 107
47 108
47 109
47 110
47 111
47 112
47 113
47 114
47 115
47 116
47 117
47 118
47 119
47 120
47 121
47 122
47 123
47 124
47 125
47 126
47 127
47 128
47 129
47 130
105 5
105 15
105 18
105 20
105 34
105 35
105 38
105 45
105 67
105 78
105 79
105 99
105 104
105 109
105 130
105 131
105 132
105 133
105 134
105 135
105 136
105 137
105 138
105 139
105 140
105 141
105 142
105 143
105 144
105 145
105 146
105 147
105 148
105 149
105 150
105 151
105 152
105 153
105 154
105 155
105 156
105 157
105 158
105 159
105 160
105 161
8 4
8 5
8 9
8 13
8 15
8 18
8 20
8 26
8 29
8 45
8 51
8 55
8 56
8 57
8 61
8 65
8 71
8 75
8 77
8 78
8 79
8 89
8 90
8 91
8 96
8 97
8 98
8 104
8 107
8 109
8 120
8 123
8 130
8 139
8 142
8 148
8 149
8 162
8 163
8 164
8 165
8 166
8 167
8 168
8 169
8 170
8 171
8 172
8 173
8 174
8 175
8 176
8 177
8 178
8 179
8 180
8 181
8 182
8 183
8 184
8 185
8 186
8 187
8 188
8 189
8 190
8 191
8 192
8 193
8 194
8 195
8 196
8 197
8 198
8 199
8 200
10 201
10 202
10 203
10 204
10 205
10 206
10 207
10 208
10 209
10 210
10 211
10 212
10 213
10 214
10 215
10 216
10 217
10 218
165 15
165 18
165 29
165 34
165 35
165 55
165 104
165 130
165 132
165 135
165 136
165 139
165 142
165 145
165 149
165 153
165 154
165 159
165 161
165 163
165 164
165 169
165 173
165 191
165 192
165 194
165 195
165 219
165 220
165 221
165 222
165 223
165 224
165 225
165 226
165 227
165 228
165 229
165 230
165 231
165 232
165 233
165 234
165 235
165 236
165 237
165 238
165 239
165 240
165 241
165 242
165 243
165 244
165 245
165 246
165 247
165 248
165 249
165 250
165 251
165 252
165 253
165 254
165 255
165 256
165 257
165 258
165 259
165 260
165 261
165 262
165 263
165 264
165 265
165 266
165 267
165 268
165 269
165 270
165 271
165 272
165 273
234 35
234 132
234 136
234 142
234 153
234 154
234 157
234 160
234 161
234 170
234 173
234 186
234 191
234 194
234 236
234 240
234 243
234 244
234 246
234 249
234 253
234 265
234 267
234 268
234 272
234 274
234 275
234 276
234 277
234 278
234 279
234 280
234 281
234 282
234 283
234 284
234 285
234 286
234 287
234 288
234 289
234 290
234 291
234 292
234 293
234 294
234 295
234 296
234 297
234 298
12 3
12 4
12 5
12 9
12 13
12 14
12 15
12 17
12 19
12 20
12 22
12 25
12 26
12 29
12 30
12 35
12 37
12 38
12 39
12 41
12 42
12 45
12 51
12 52
12 53
12 55
12 57
12 60
12 61
12 64
12 65
12 66
12 67
12 68
12 71
12 73
12 76
12 77
12 78
12 81
12 83
12 85
12 87
12 89
12 90
12 97
12 98
12 103
12 104
12 107
12 108
12 109
12 116
12 120
12 123
12 124
12 126
12 127
12 149
12 168
12 169
12 175
12 177
12 184
12 186
12 189
12 197
12 222
12 242
12 253
12 272
12 299
12 300
12 301
12 302
12 303
12 304
12 305
12 306
12 307
12 308
12 309
12 310
12 311
12 312
12 313
12 314
12 315
12 316
12 317
12 318
12 319
12 320
12 321
12 322
12 323
12 324
12 325
12 326
12 327
12 328
12 329
12 330
12 331
12 332
12 333
12 334
12 335
12 336
12 337
12 338
12 339
12 340
12 341
12 342
12 343
12 344
12 345
12 346
12 347
12 348
12 349
12 350
12 351
12 352
12 353
12 354
12 355
12 356
12 357
12 358
12 359
12 360
12 361
12 362
12 363
12 364
12 365
12 366
12 367
12 368
12 369
12 370
12 371
12 372
12 373
12 374
12 375
12 376
12 377
12 378
75 14
75 19
75 57
75 59
75 61
75 68
75 81
75 83
75 85
75 93
75 94
75 107
75 108
75 111
75 113
75 123
75 124
75 125
75 166
75 175
75 177
75 187
75 189
75 197
75 200
75 314
75 315
75 318
75 322
75 329
75 355
75 374
75 379
75 380
75 381
75 382
75 383
75 384
75 385
75 386
75 387
75 388
75 389
75 390
75 391
75 392
75 393
75 394
75 395
75 396
75 397
75 398
75 399
75 400
75 401
75 402
75 403
75 404
75 405
75 406
75 407
75 408
75 409
75 410
75 411
75 412
75 413
75 414
75 415
75 416
75 417
75 418
75 419
75 420
75 421
75 422
75 423
75 424
75 425
75 426
75 427
75 428
75 429
75 430
75 431
75 432
75 433
75 434
75 435
75 436
75 437
75 438
75 439
75 440
75 441
75 442
75 443
75 444
75 445
75 446
75 447
75 448
75 449
75 450
75 451
75 452
75 453
75 454
75 455
75 456
75 457
75 458
75 459
75 460
75 461
75 462
75 463
75 464
75 465
75 466
75 467
75 468
75 469
75 470
75 471
75 472
75 473
75 474
75 475
75 476
75 477
75 478
75 479
75 480
75 481
75 482
75 483
75 484
75 485
75 486
75 487
75 488
75 489
75 490
75 491
75 492
75 493
75 494
150 109
150 116
150 143
150 146
150 167
150 174
150 183
150 188
150 242
150 245
150 295
150 340
150 495
150 496
150 497
150 498
150 499
150 500
150 501
150 502
150 503
150 504
150 505
150 506
150 507
150 508
150 509
150 510
150 511
150 512
150 513
150 514
150 515
150 516
150 517
150 518
150 519
150 520
150 521
150 522
150 523
150 524
150 525
150 526
150 527
150 528
150 529
150 530
150 531
150 532
150 533
150 534
150 535
150 536
150 537
150 538
150 539
150 540
150 541
150 542
150 543
150 544
150 545
150 546
150 547
150 548
150 549
150 550
150 551
150 552
150 553
150 554
150 555
150 556
150 557
150 558
150 559
150 560
150 561
150 562
150 563
150 564
150 565
150 566
150 567
150 568
150 569
150 570
150 571
150 572
150 573
150 574
150 575
150 576
150 577
150 578
150 579
150 580
150 581
150 582
150 583
150 584
150 585
150 586
150 587
150 588
150 589
150 590
150 591
150 592
150 593
150 594
150 595
150 596
150 597
150 598
150 599
150 600
150 601
150 602
150 603
150 604
150 605
150 606
150 607
150 608
150 609
150 610
150 611
150 612
150 613
150 614
150 615
150 616
150 617
150 618
150 619
150 620
150 621
150 622
150 623
150 624
150 625
150 626
150 627
150 628
150 629
150 630
150 631
288 63
288 196
288 276
288 407
288 632
288 633
288 634
288 635
288 636
288 637
288 638
288 639
288 640
288 641
288 642
288 643
288 644
288 645
288 646
288 647
288 648
288 649
288 650
288 651
288 652
288 653
288 654
288 655
288 656
288 657
288 658
288 659
288 660
288 661
288 662
288 663
288 664
288 665
288 666
288 667
288 668
288 669
288 670
288 671
288 672
288 673
288 674
288 675
288 676
288 677
288 678
288 679
288 680
288 681
288 682
288 683
288 684
288 685
288 686
288 687
288 688
288 689
288 690
288 691
288 692
288 693
288 694
288 695
288 696
288 697
288 698
288 699
288 700
288 701
288 702
288 703
288 704
288 705
288 706
288 707
288 708
288 709
288 710
288 711
288 712
288 713
288 714
288 715
288 716
288 717
288 718
288 719
288 720
288 721
288 722
288 723
288 724
288 725
288 726
288 727
288 728
288 729
288 730
288 731
288 732
288 733
288 734
288 735
288 736
288 737
288 738
288 739
288 740
288 741
288 742
288 743
288 744
288 745
288 746
288 747
288 748
288 749
288 750
288 751
288 752
288 753
288 754
288 755
288 756
288 757
288 758
288 759
288 760
288 761
288 762
288 763
288 764
288 765
288 766
288 767
288 768
288 769
288 770
288 771
288 772
288 773
288 774
288 775
288 776
288 777
288 778
288 779
288 780
288 781
288 782
288 783
288 784
288 785
288 786
288 787
288 788
288 789
288 790
288 791
288 792
288 793
288 794
288 795
288 796
288 797
288 798
288 799
288 800
288 801
288 802
288 803
288 804
288 805
288 806
288 807
288 808
288 809
288 810
288 811
288 812
288 813
288 814
288 815
288 816
288 817
288 818
288 819
288 820
288 821
288 822
288 823
288 824
288 825
288 826
288 827
288 828
288 829
288 830
288 831
288 832
288 833
288 834
288 835
288 836
288 837
288 838
288 839
288 840
288 841
288 842
288 843
288 844
288 845
288 846
288 847
288 848
288 849
288 850
288 851
288 852
288 853
288 854
288 855
288 856
288 857
288 858
288 859
288 860
288 861
288 862
288 863
288 864
288 865
288 866
288 867
288 868
288 869
288 870
288 871
288 872
288 873
288 874
288 875
288 876
288 877
288 878
288 879
288 880
288 881
288 882
288 883
288 884
288 885
288 886
288 887
288 888
288 889
288 890
288 891
288 892
288 893
288 894
288 895
288 896
288 897
288 898
288 899
288 900
288 901
288 902
288 903
288 904
288 905
288 906
288 907
288 908
288 909
288 910
288 911
288 912
288 913
288 914
288 915
288 916
288 917
288 918
288 919
288 920
288 921
288 922
288 923
288 924
288 925
288 926
288 927
288 928
288 929
288 930
288 931
288 932
288 933
288 934
288 935
288 936
288 937
288 938
288 939
288 940
288 941
288 942
288 943
288 944
288 945
288 946
288 947
288 948
288 949
288 950
288 951
288 952
288 953
288 954
288 955
288 956
288 957
288 958
288 959
288 960
288 961
288 962
288 963
288 964
288 965
288 966
288 967
288 968
288 969
288 970
288 971
288 972
288 973
288 974
288 975
288 976
288 977
288 978
288 979
288 980
288 981
288 982
288 983
288 984
288 985
288 986
288 987
288 988
288 989
288 990
288 991
288 992
288 993
288 994
288 995
288 996
288 997
288 998
288 999
288 1000
288 1001
288 1002
288 1003
288 1004
288 1005
288 1006
288 1007
288 1008
288 1009
288 1010
288 1011
288 1012
288 1013
288 1014
288 1015
288 1016
288 1017
288 1018
288 1019
288 1020
288 1021
288 1022
288 1023
288 1024
288 1025
288 1026
288 1027
288 1028
288 1029
288 1030
288 1031
288 1032
288 1033
288 1034
288 1035
288 1036
288 1037
288 1038
288 1039
288 1040
288 1041
288 1042
288 1043
288 1044
288 1045
288 1046
288 1047
288 1048
288 1049
288 1050
288 1051
288 1052
288 1053
288 1054
288 1055
288 1056
288 1057
288 1058
288 1059
288 1060
288 1061
288 1062
288 1063
288 1064
288 1065
288 1066
288 1067
288 1068
288 1069
288 1070
288 1071
288 1072
288 1073
288 1074
288 1075
288 1076
288 1077
288 1078
288 1079
288 1080
288 1081
288 1082
288 1083
288 1084
288 1085
288 1086
288 1087
288 1088
288 1089
288 1090
288 1091
288 1092
288 1093
288 1094
288 1095
288 1096
288 1097
288 1098
288 1099
288 1100
288 1101
288 1102
288 1103
288 1104
288 1105
288 1106
288 1107
288 1108
288 1109
288 1110
288 1111
288 1112
288 1113
288 1114
288 1115
288 1116
288 1117
288 1118
288 1119
288 1120
288 1121
288 1122
288 1123
288 1124
288 1125
288 1126
288 1127
288 1128
288 1129
288 1130
288 1131
288 1132
288 1133
288 1134
288 1135
288 1136
288 1137
288 1138
288 1139
288 1140
288 1141
288 1142
288 1143
288 1144
288 1145
288 1146
288 1147
288 1148
288 1149
288 1150
288 1151
288 1152
288 1153
288 1154
288 1155
288 1156
288 1157
288 1158
288 1159
288 1160
288 1161
288 1162
288 1163
288 1164
288 1165
288 1166
288 1167
288 1168
288 1169
288 1170
288 1171
288 1172
288 1173
288 1174
288 1175
288 1176
288 1177
288 1178
288 1179
288 1180
288 1181
288 1182
288 1183
288 1184
288 1185
288 1186
288 1187
288 1188
288 1189
288 1190
288 1191
288 1192
288 1193
288 1194
288 1195
288 1196
288 1197
288 1198
288 1199
288 1200
288 1201
288 1202
288 1203
288 1204
288 1205
288 1206
288 1207
288 1208
288 1209
288 1210
288 1211
288 1212
288 1213
288 1214
288 1215
288 1216
288 1217
288 1218
288 1219
288 1220
288 1221
288 1222
288 1223
288 1224
288 1225
288 1226
288 1227
288 1228
288 1229
288 1230
288 1231
288 1232
288 1233
288 1234
288 1235
288 1236
288 1237
288 1238
288 1239
288 1240
288 1241
288 1242
288 1243
288 1244
288 1245
288 1246
288 1247
288 1248
288 1249
288 1250
288 1251
288 1252
288 1253
288 1254
288 1255
288 1256
288 1257
288 1258
288 1259
288 1260
288 1261
288 1262
288 1263
288 1264
288 1265
288 1266
288 1267
288 1268
288 1269
288 1270
288 1271
288 1272
288 1273
288 1274
288 1275
288 1276
288 1277
288 1278
288 1279
288 1280
288 1281
288 1282
288 1283
288 1284
288 1285
288 1286
288 1287
288 1288
288 1289
288 1290
288 1291
288 1292
288 1293
288 1294
288 1295
288 1296
288 1297
288 1298
288 1299
288 1300
288 1301
288 1302
288 1303
288 1304
288 1305
288 1306
288 1307
288 1308
288 1309
288 1310
288 1311
288 1312
288 1313
288 1314
288 1315
288 1316
288 1317
288 1318
288 1319
288 1320
316 117
316 328
316 332
316 338
316 373
316 436
316 1321
316 1322
316 1323
316 1324
316 1325
316 1326
316 1327
316 1328
316 1329
316 1330
316 1331
316 1332
316 1333
316 1334
316 1335
316 1336
316 1337
316 1338
316 1339
316 1340
316 1341
316 1342
316 1343
316 1344
316 1345
316 1346
316 1347
316 1348
316 1349
316 1350
316 1351
316 1352
316 1353
316 1354
316 1355
316 1356
316 1357
316 1358
316 1359
316 1360
316 1361
316 1362
316 1363
316 1364
316 1365
316 1366
316 1367
316 1368
316 1369
316 1370
316 1371
316 1372
316 1373
316 1374
316 1375
316 1376
316 1377
316 1378
316 1379
316 1380
316 1381
316 1382
316 1383
316 1384
316 1385
316 1386
316 1387
667 1388
667 1389
667 1390
667 1391
667 1392
667 1393
667 1394
667 1395
667 1396
667 1397
667 1398
667 1399
667 1400
667 1401
667 1402
667 1403
667 1404
667 1405
667 1406
667 1407
667 1408
667 1409
667 1410
667 1411
667 1412
667 1413
667 1414
667 1415
667 1416
667 1417
667 1418
667 1419
667 1420
667 1421
667 1422
667 1423
667 1424
667 1425
667 1426
667 1427
667 1428
667 1429
667 1430
667 1431
667 1432
667 1433
667 1434
667 1435
667 1436
667 1437
667 1438
667 1439
667 1440
667 1441
667 1442
667 1443
667 1444
667 1445
667 1446
667 1447
667 1448
667 1449
667 1450
667 1451
667 1452
667 1453
667 1454
667 1455
667 1456
667 1457
667 1458
667 1459
667 1460
667 1461
667 1462
667 1463
667 1464
667 1465
667 1466
667 1467
667 1468
667 1469
667 1470
667 1471
667 1472
